#Measurements from DVL
#Number of channels: 8
#Number of samples: 2283
#Frequency: 200.000 Hz
#Unit system: SI

#Time	Velocity X	Velocity Y	Velocity Z	Altitude	Water velocity X	Water velocity Y	Water velocity Z	Status
0.00000	-0.01216	-0.02137	0.01505	9.03086	-0.01490	-0.00326	-0.02614	0.00000
0.00000	-0.00228	-0.01302	-0.02106	9.06376	0.03801	0.03250	-0.01051	0.00000
0.00500	-0.03196	-0.03270	-0.00906	9.06500	0.00630	0.01058	0.01578	0.00000
0.01000	-0.01541	-0.04851	-0.01049	9.06352	0.00153	0.01031	-0.00907	0.00000
0.01500	0.00858	-0.02366	-0.00162	8.99665	-0.01013	0.01203	0.00921	0.00000
0.02000	-0.00982	0.01001	0.01451	9.05153	0.05000	-0.00624	0.00658	0.00000
0.02500	0.02576	-0.00461	-0.00770	9.10499	0.01117	-0.01003	0.01302	0.00000
0.03000	0.02219	-0.03346	0.01986	9.03233	0.03544	0.01747	-0.02510	0.00000
0.03500	0.00558	-0.03402	0.00694	9.15195	0.00525	-0.01408	0.02606	0.00000
0.04000	-0.02762	-0.04262	0.01378	9.13763	-0.00686	0.00010	-0.00359	0.00000
0.04500	0.01521	-0.04521	0.01874	9.11605	0.02600	-0.00003	0.00256	0.00000
0.05000	0.04225	-0.02390	-0.00517	9.01242	-0.01435	-0.00035	-0.03212	0.00000
0.05500	0.04510	0.00161	-0.01921	9.11701	-0.00200	-0.00620	-0.00918	0.00000
0.06000	0.05000	0.01009	-0.04055	9.07990	0.02250	0.04307	0.01231	0.00000
0.06500	0.02073	-0.00866	0.00316	9.07021	-0.00942	-0.01227	0.01591	0.00000
0.07000	0.02242	-0.04046	-0.00336	9.06809	-0.00677	0.02593	0.00803	0.00000
0.07500	0.03680	-0.00346	0.00981	9.01328	-0.00053	-0.01845	-0.01892	0.00000
0.08000	0.01429	0.02220	0.01596	9.10013	0.03895	0.02021	-0.00853	0.00000
0.08500	0.00709	0.00571	0.04804	9.05078	-0.01239	-0.00138	-0.00026	0.00000
0.09000	0.00268	-0.04449	0.00051	9.05954	0.00049	0.00487	-0.01803	0.00000
0.09500	0.04855	-0.04261	0.00887	9.14073	0.02148	0.00280	-0.00948	0.00000
0.10000	0.03698	-0.03280	0.02048	9.07567	-0.01247	0.01601	0.00906	0.00000
0.10500	0.00098	-0.00606	0.00002	9.05345	0.01072	0.00621	-0.00175	0.00000
0.11000	0.02296	-0.02740	0.06140	9.17531	-0.01757	0.00908	0.00995	0.00000
0.11500	0.04249	-0.01080	0.01084	9.04069	-0.00581	0.00202	0.00605	0.00000
0.12000	0.02149	0.01845	0.01740	9.00668	0.00035	-0.01143	0.00305	0.00000
0.12500	0.02931	-0.03626	0.00414	8.96495	0.02561	-0.02607	0.02699	0.00000
0.13000	0.03969	-0.01584	0.03015	8.97758	0.02463	0.00276	-0.02072	0.00000
0.13500	0.05000	0.00705	0.01354	9.08619	-0.01536	0.00497	-0.01719	0.00000
0.14000	0.00253	-0.05000	0.00104	9.06797	-0.01115	-0.00663	0.00313	0.00000
0.14500	0.05000	-0.05000	0.02690	9.03527	0.02195	0.01995	-0.01774	0.00000
0.15000	0.03717	0.00587	0.01827	9.04685	0.00970	-0.02100	-0.00540	0.00000
0.15500	0.02446	-0.04821	0.02151	9.04202	-0.02329	0.02152	0.00507	0.00000
0.16000	0.05000	-0.03818	0.01749	9.07304	0.01595	-0.03676	-0.05033	0.00000
0.16500	0.05000	-0.03793	0.00859	9.08108	0.00655	-0.02638	-0.02244	0.00000
0.17000	0.05000	-0.01297	0.05269	8.99541	-0.00605	0.00703	-0.00156	0.00000
0.17500	0.03090	-0.05000	-0.00108	9.00246	0.01935	-0.00981	-0.01472	0.00000
0.18000	0.02714	-0.03594	0.00968	9.02487	-0.00430	-0.00262	0.00298	0.00000
0.18500	0.05000	-0.05000	0.01752	9.03465	-0.00154	-0.04110	-0.01238	0.00000
0.19000	0.03829	-0.04722	0.00818	9.04911	0.04286	0.02333	0.00320	0.00000
0.19500	0.04697	-0.05000	0.06424	9.15600	-0.01969	-0.00127	0.03930	0.00000
0.20000	0.05000	-0.05000	0.01825	9.06660	-0.00294	-0.00667	0.01093	0.00000
0.20500	0.05000	-0.04476	0.00722	9.03147	0.02755	-0.01716	0.03395	0.00000
0.21000	0.05000	-0.05000	0.00473	9.02149	0.00788	0.01810	-0.02864	0.00000
0.21500	0.05000	-0.05000	0.05886	9.06510	-0.02041	-0.00256	-0.02423	0.00000
0.22000	0.05000	-0.05000	0.01954	9.01613	-0.01707	0.02260	-0.01756	0.00000
0.22500	0.05000	-0.05000	0.03189	9.05230	0.02505	0.01809	-0.03094	0.00000
0.23000	0.05000	-0.05000	0.03341	9.01313	0.01894	0.00645	-0.00179	0.00000
0.23500	0.05000	-0.05000	0.02772	9.01428	0.03850	0.00928	0.02921	0.00000
0.24000	0.05000	-0.05000	0.00401	9.02241	0.00402	0.00180	-0.01322	0.00000
0.24500	0.05000	-0.05000	0.00855	9.00845	-0.00011	0.00373	0.01704	0.00000
0.25000	0.05000	-0.05000	0.00953	9.06957	-0.02282	0.02266	-0.01029	0.00000
0.25500	0.05000	-0.05000	0.04403	8.90921	0.01734	-0.02286	0.00046	0.00000
0.26000	0.05000	-0.05000	0.00620	9.01914	0.03011	-0.01059	0.02053	0.00000
0.26500	0.05000	-0.05000	-0.00061	9.14801	0.03734	-0.00797	0.00135	0.00000
0.27000	0.05000	-0.05000	0.01536	8.94885	0.02064	0.03921	-0.00169	0.00000
0.27500	0.05000	-0.05000	0.00540	9.07966	-0.02169	-0.03193	-0.02206	0.00000
0.28000	0.05000	-0.05000	-0.01615	8.91566	0.01180	0.02346	0.00850	0.00000
0.28500	0.05000	-0.05000	-0.00041	9.00867	-0.00793	-0.05000	0.00260	0.00000
0.29000	0.05000	-0.05000	0.00390	8.99518	-0.01639	-0.02112	-0.01497	0.00000
0.29500	0.05000	-0.05000	-0.00439	8.94134	0.03409	-0.00114	0.00930	0.00000
0.30000	0.05000	-0.05000	-0.01049	8.98444	-0.01626	0.00139	-0.00217	0.00000
0.30500	0.05000	-0.05000	0.04796	8.93245	0.00378	0.02754	-0.00083	0.00000
0.31000	0.05000	-0.05000	0.03030	8.97204	-0.01235	-0.00119	0.00972	0.00000
0.31500	0.05000	-0.05000	0.02542	9.02170	-0.00945	-0.00684	-0.02937	0.00000
0.32000	0.05000	-0.05000	0.03565	9.02422	-0.00631	0.02449	0.02133	0.00000
0.32500	0.05000	-0.05000	0.05027	8.98184	-0.00852	-0.02690	-0.02874	0.00000
0.33000	0.05000	-0.05000	-0.01739	8.98916	-0.00263	0.01745	-0.01966	0.00000
0.33500	0.05000	-0.05000	-0.04200	9.01163	0.00818	-0.00565	0.00787	0.00000
0.34000	0.05000	-0.05000	0.03413	8.93049	-0.01042	0.02838	0.00520	0.00000
0.34500	0.05000	-0.05000	0.05178	9.03813	0.01888	0.01589	0.00457	0.00000
0.35000	0.05000	-0.05000	0.01461	9.01545	-0.00251	0.01974	0.02002	0.00000
0.35500	0.05000	-0.05000	0.02340	8.94205	0.00551	-0.00944	0.01003	0.00000
0.36000	0.05000	-0.05000	0.03170	9.05662	-0.01528	-0.00684	-0.01666	0.00000
0.36500	0.05000	-0.05000	-0.02026	8.99703	-0.01970	-0.03897	0.00421	0.00000
0.37000	0.05000	-0.05000	0.04362	8.93383	0.03170	0.00195	-0.01380	0.00000
0.37500	0.05000	-0.05000	0.04038	8.90560	0.02640	-0.01948	0.04165	0.00000
0.38000	0.05000	-0.05000	0.04056	9.02461	0.01500	0.01688	0.00886	0.00000
0.38500	0.05000	-0.05000	0.05585	9.00134	-0.04027	0.01898	-0.00372	0.00000
0.39000	0.05000	-0.05000	0.00064	8.95009	-0.01806	0.01848	0.01169	0.00000
0.39500	0.05000	-0.05000	0.00927	9.05312	-0.02040	0.00424	-0.01977	0.00000
0.40000	0.05000	-0.05000	-0.01588	8.99000	0.02947	0.01232	0.01196	0.00000
0.40500	0.05000	-0.05000	0.04526	8.95361	-0.00006	-0.05000	0.00894	0.00000
0.41000	0.05000	-0.05000	0.01423	8.97281	0.01119	0.02207	0.00617	0.00000
0.41500	0.05000	-0.05000	0.06746	8.95292	-0.00133	-0.00316	0.02687	0.00000
0.42000	0.05000	-0.05000	0.06243	8.97555	0.00297	-0.00855	-0.01365	0.00000
0.42500	0.05000	-0.05000	0.04794	9.01140	0.03645	0.02455	0.01254	0.00000
0.43000	0.05000	-0.05000	0.03776	8.88724	-0.01672	-0.02156	0.04038	0.00000
0.43500	0.05000	-0.05000	0.03031	8.98512	-0.00270	0.03675	0.01105	0.00000
0.44000	0.05000	-0.05000	0.04307	8.98416	-0.00129	0.01256	-0.02888	0.00000
0.44500	0.05000	-0.05000	0.05434	8.93777	0.00084	0.02310	-0.00850	0.00000
0.45000	0.05000	-0.05000	0.05452	8.92052	-0.02798	-0.00191	-0.04453	0.00000
0.45500	0.05000	-0.05000	0.03188	8.99895	0.01290	0.02438	-0.03150	0.00000
0.46000	0.05000	-0.05000	0.04267	9.01870	-0.01553	0.02847	-0.01314	0.00000
0.46500	0.05000	-0.05000	0.02299	8.98888	0.01792	0.01696	0.01273	0.00000
0.47000	0.05000	-0.05000	0.04192	8.93737	0.02142	-0.00505	-0.00675	0.00000
0.47500	0.05000	-0.05000	0.06472	8.97310	-0.00457	0.00202	-0.00414	0.00000
0.48000	0.05000	-0.05000	0.02631	8.96184	-0.03171	0.01298	-0.01763	0.00000
0.48500	0.05000	-0.05000	0.08869	8.97747	0.00976	-0.01418	-0.02559	0.00000
0.49000	0.05000	-0.05000	0.05123	8.91980	-0.04815	0.01762	0.00643	0.00000
0.49500	0.05000	-0.05000	0.02863	9.04449	0.00369	-0.01363	-0.03405	0.00000
0.50000	0.05000	-0.05000	0.06221	8.97613	-0.00445	0.00333	-0.00060	0.00000
0.50500	0.05000	-0.05000	0.03844	8.84623	0.00651	-0.00284	-0.00530	0.00000
0.51000	0.05000	-0.05000	0.04632	8.88954	0.01335	-0.03163	-0.02888	0.00000
0.51500	0.05000	-0.05000	0.02448	8.86170	-0.02025	0.04519	0.00611	0.00000
0.52000	0.05000	-0.05000	0.02300	8.93136	0.01271	-0.01750	0.00739	0.00000
0.52500	0.05000	-0.05000	0.06260	8.91559	0.01838	0.02189	-0.01025	0.00000
0.53000	0.05000	-0.05000	0.04927	8.87649	0.00549	0.00774	0.00636	0.00000
0.53500	0.05000	-0.05000	0.07692	8.98035	-0.00829	-0.00058	-0.00841	0.00000
0.54000	0.05000	-0.05000	0.04298	8.86814	0.02257	-0.00216	0.01744	0.00000
0.54500	0.05000	-0.05000	0.04781	8.86849	-0.04439	-0.00183	0.03682	0.00000
0.55000	0.05000	-0.05000	0.05704	8.90907	0.03167	-0.00535	-0.00652	0.00000
0.55500	0.05000	-0.05000	0.07495	8.81307	0.02725	0.04025	0.01291	0.00000
0.56000	0.05000	-0.05000	0.07720	8.97907	-0.00483	-0.01694	-0.01010	0.00000
0.56500	0.05000	-0.05000	0.02351	8.96386	-0.03084	-0.00820	-0.03522	0.00000
0.57000	0.05000	-0.05000	0.04692	8.83736	0.01943	0.01297	-0.00506	0.00000
0.57500	0.05000	-0.05000	0.06439	8.95320	-0.00883	-0.04568	0.05669	0.00000
0.58000	0.05000	-0.05000	0.03212	8.82080	0.03873	-0.02141	-0.00405	0.00000
0.58500	0.05000	-0.05000	-0.00296	8.84291	0.00093	0.02163	-0.02590	0.00000
0.59000	0.05000	-0.05000	0.05249	8.86475	0.00051	0.01010	-0.02386	0.00000
0.59500	0.05000	-0.05000	0.07259	8.91064	-0.00076	-0.01129	-0.00586	0.00000
0.60000	0.05000	-0.05000	0.07845	8.95986	-0.00070	-0.03571	-0.00369	0.00000
0.60500	0.05000	-0.05000	0.07429	8.97208	0.03056	-0.02449	-0.01013	0.00000
0.61000	0.05000	-0.05000	0.06452	8.90647	0.02910	-0.00678	-0.01683	0.00000
0.61500	0.05000	-0.05000	0.01844	8.88547	0.01167	-0.01414	-0.00328	0.00000
0.62000	0.05000	-0.05000	0.05688	8.80674	-0.00991	0.02141	0.03537	0.00000
0.62500	0.05000	-0.05000	0.07136	8.82684	-0.03800	0.00662	-0.02724	0.00000
0.63000	0.05000	-0.05000	0.07233	8.91548	0.00456	-0.02019	0.02412	0.00000
0.63500	0.05000	-0.05000	0.07850	8.92359	-0.00658	0.00045	-0.00572	0.00000
0.64000	0.05000	-0.05000	0.04379	8.93369	0.04504	0.01138	-0.00038	0.00000
0.64500	0.05000	-0.05000	0.05699	8.89869	-0.04094	0.04570	0.01513	0.00000
0.65000	0.05000	-0.05000	0.00838	8.97949	-0.02690	0.00857	0.00538	0.00000
0.65500	0.05000	-0.05000	0.06138	8.89872	0.02379	-0.00985	0.02082	0.00000
0.66000	0.05000	-0.05000	0.04747	8.87454	-0.01437	0.01659	0.00240	0.00000
0.66500	0.05000	-0.05000	0.05533	8.81290	0.00765	0.00611	0.01327	0.00000
0.67000	0.05000	-0.05000	0.09790	8.95028	0.00536	0.01634	0.01638	0.00000
0.67500	0.05000	-0.05000	0.07496	8.81967	-0.01800	0.01148	-0.00053	0.00000
0.68000	0.05000	-0.05000	0.06974	8.87905	-0.00340	-0.00408	-0.01605	0.00000
0.68500	0.05000	-0.05000	0.04690	8.85086	-0.03209	-0.00254	0.02170	0.00000
0.69000	0.05000	-0.05000	0.06139	8.78562	-0.00015	-0.01335	-0.01724	0.00000
0.69500	0.05000	-0.05000	0.05950	8.79136	0.00460	-0.01098	0.00767	0.00000
0.70000	0.05000	-0.05000	0.06813	8.86553	-0.00459	-0.00182	-0.00687	0.00000
0.70500	0.05000	-0.05000	0.06825	8.91116	-0.00860	-0.00794	0.03614	0.00000
0.71000	0.05000	-0.05000	0.09556	8.79241	0.04787	-0.02012	0.00875	0.00000
0.71500	0.05000	-0.05000	0.03139	8.81770	-0.00476	0.00574	0.01975	0.00000
0.72000	0.05000	-0.05000	0.03883	8.81361	0.00909	0.00791	0.01560	0.00000
0.72500	0.05000	-0.05000	0.08430	8.94034	-0.01571	0.00534	0.02157	0.00000
0.73000	0.05000	-0.05000	0.09787	8.88172	0.00184	0.00967	-0.00554	0.00000
0.73500	0.05000	-0.05000	0.07951	8.91781	0.00748	-0.00714	-0.01264	0.00000
0.74000	0.05000	-0.05000	0.04813	8.80903	-0.01533	0.03319	-0.00940	0.00000
0.74500	0.05000	-0.05000	0.09637	8.88860	0.00043	-0.00244	-0.00176	0.00000
0.75000	0.05000	-0.05000	0.10000	8.86385	-0.02247	-0.02127	-0.00118	0.00000
0.75500	0.05000	-0.05000	0.07702	8.86178	0.02269	0.03215	-0.00943	0.00000
0.76000	0.05000	-0.05000	0.08776	8.84345	0.01357	0.00747	0.00035	0.00000
0.76500	0.05000	-0.05000	0.08593	8.79126	-0.00295	-0.03197	0.02378	0.00000
0.77000	0.05000	-0.05000	0.06316	8.79889	0.00115	0.00548	0.02209	0.00000
0.77500	0.05000	-0.05000	0.05976	8.82772	0.03535	-0.00753	0.01421	0.00000
0.78000	0.05000	-0.05000	0.05561	8.87668	-0.02404	-0.01407	-0.02661	0.00000
0.78500	0.05000	-0.05000	0.07012	8.76983	-0.00760	0.01373	-0.01777	0.00000
0.79000	0.05000	-0.05000	0.08058	8.85136	0.00659	0.01748	-0.03941	0.00000
0.79500	0.05000	-0.05000	0.08799	8.88423	-0.00268	0.05000	-0.00170	0.00000
0.80000	0.05000	-0.05000	0.07917	8.84805	-0.00719	-0.00475	0.03876	0.00000
0.80500	0.05000	-0.05000	0.10000	8.85967	-0.04122	-0.00654	-0.01330	0.00000
0.81000	0.05000	-0.05000	0.10000	8.96120	-0.01310	0.00153	0.02874	0.00000
0.81500	0.05000	-0.05000	0.06886	8.85058	-0.01306	0.00202	0.03546	0.00000
0.82000	0.05000	-0.05000	0.08691	8.75017	-0.00765	-0.03566	-0.00037	0.00000
0.82500	0.05000	-0.05000	0.07458	8.81958	0.01136	-0.01264	-0.01148	0.00000
0.83000	0.05000	-0.05000	0.08252	8.79507	-0.01945	-0.01112	0.02899	0.00000
0.83500	0.05000	-0.05000	0.08716	8.82112	0.01738	-0.00080	-0.01905	0.00000
0.84000	0.05000	-0.05000	0.09602	8.79234	-0.01665	-0.00883	-0.00957	0.00000
0.84500	0.05000	-0.05000	0.09945	8.86383	0.00593	-0.02597	-0.00175	0.00000
0.85000	0.05000	-0.05000	0.10000	8.81130	-0.00055	0.01640	-0.01805	0.00000
0.85500	0.05000	-0.05000	0.08879	8.80565	0.00470	-0.00550	-0.00744	0.00000
0.86000	0.05000	-0.05000	0.06177	8.81432	-0.01985	0.01797	-0.00650	0.00000
0.86500	0.05000	-0.05000	0.09069	8.78142	0.04578	-0.02769	-0.01530	0.00000
0.87000	0.05000	-0.05000	0.08958	8.87215	0.01587	-0.00318	0.02206	0.00000
0.87500	0.05000	-0.05000	0.09682	8.80079	-0.01589	0.01498	0.03771	0.00000
0.88000	0.05000	-0.05000	0.10000	8.79759	-0.01541	-0.01679	0.00819	0.00000
0.88500	0.05000	-0.05000	0.10000	8.79449	-0.00564	-0.00872	0.01900	0.00000
0.89000	0.05000	-0.05000	0.10000	8.85168	0.02550	-0.00268	0.00035	0.00000
0.89500	0.05000	-0.05000	0.08333	8.75518	-0.01994	0.00053	-0.04414	0.00000
0.90000	0.05000	-0.05000	0.09130	8.85383	0.00621	-0.01468	-0.03477	0.00000
0.90500	0.05000	-0.05000	0.10000	8.83518	0.01661	0.01123	0.01005	0.00000
0.91000	0.05000	-0.05000	0.05515	8.84867	-0.00334	0.01049	-0.05859	0.00000
0.91500	0.05000	-0.05000	0.07462	8.82453	-0.00743	-0.00916	-0.00930	0.00000
0.92000	0.05000	-0.05000	0.09938	8.78374	-0.02271	-0.00389	0.01393	0.00000
0.92500	0.05000	-0.05000	0.10000	8.89848	0.01687	0.02900	-0.01032	0.00000
0.93000	0.05000	-0.05000	0.10000	8.76845	-0.00747	0.00118	-0.00507	0.00000
0.93500	0.05000	-0.05000	0.10000	8.78818	0.00324	0.00914	0.00552	0.00000
0.94000	0.05000	-0.05000	0.10000	8.81440	0.00388	0.01785	-0.01708	0.00000
0.94500	0.05000	-0.05000	0.10000	8.78965	-0.02237	0.00701	-0.00443	0.00000
0.95000	0.05000	-0.05000	0.10000	8.85712	0.01883	-0.00937	0.00219	0.00000
0.95500	0.05000	-0.05000	0.10000	8.88082	-0.01468	-0.00387	-0.00368	0.00000
0.96000	0.05000	-0.05000	0.10000	8.77014	-0.00819	0.00964	-0.01449	0.00000
0.96500	0.05000	-0.05000	0.10000	8.80296	0.00922	0.01116	0.01268	0.00000
0.97000	0.05000	-0.05000	0.10000	8.80491	-0.02935	-0.04303	0.07083	0.00000
0.97500	0.05000	-0.05000	0.10000	8.89945	-0.01869	-0.00635	0.02349	0.00000
0.98000	0.05000	-0.05000	0.10000	8.86151	-0.01046	0.01521	0.02331	0.00000
0.98500	0.05000	-0.05000	0.10000	8.77871	-0.00229	-0.00704	-0.02534	0.00000
0.99000	0.05000	-0.05000	0.10000	8.83587	0.01093	0.01329	0.00753	0.00000
0.99500	0.05000	-0.05000	0.10000	8.66433	-0.03688	-0.01180	-0.00516	0.00000
1.00000	0.05000	-0.05000	0.10000	8.73415	0.01441	0.00250	0.03202	0.00000
1.00500	0.05000	-0.05000	0.10000	8.74035	0.01904	0.02620	0.04101	0.00000
1.01000	0.05000	-0.05000	0.10000	8.65325	-0.04173	0.00502	0.01422	0.00000
1.01500	0.05000	-0.05000	0.10000	8.69668	-0.00460	-0.01284	0.00254	0.00000
1.02000	0.05000	-0.05000	0.10000	8.78055	0.02721	-0.01723	0.00550	0.00000
1.02500	0.05000	-0.05000	0.10000	8.80111	0.00338	0.04035	0.01112	0.00000
1.03000	0.05000	-0.05000	0.10000	8.76011	0.02427	0.00887	-0.01643	0.00000
1.03500	0.05000	-0.05000	0.10000	8.71036	-0.00952	-0.01589	-0.00477	0.00000
1.04000	0.05000	-0.05000	0.10000	8.77580	0.00760	0.01693	-0.00859	0.00000
1.04500	0.05000	-0.05000	0.10000	8.81308	-0.02350	-0.00435	-0.01376	0.00000
1.05000	0.05000	-0.05000	0.10000	8.75465	-0.02091	0.01518	-0.00969	0.00000
1.05500	0.05000	-0.05000	0.10000	8.82294	-0.00225	0.03002	-0.02255	0.00000
1.06000	0.05000	-0.05000	0.10000	8.73560	-0.00365	0.01435	-0.03316	0.00000
1.06500	0.05000	-0.05000	0.10000	8.71813	0.00997	-0.01306	0.00106	0.00000
1.07000	0.05000	-0.05000	0.10000	8.69145	-0.02600	-0.01104	-0.00726	0.00000
1.07500	0.05000	-0.05000	0.10000	8.86676	-0.02597	-0.01240	-0.00562	0.00000
1.08000	0.05000	-0.05000	0.10000	8.72331	0.00116	-0.04733	-0.00705	0.00000
1.08500	0.05000	-0.05000	0.10000	8.73639	-0.01756	0.02299	-0.03644	0.00000
1.09000	0.05000	-0.05000	0.10000	8.70923	-0.00289	0.01053	-0.00719	0.00000
1.09500	0.05000	-0.05000	0.10000	8.79229	-0.01438	-0.01477	-0.05011	0.00000
1.10000	0.05000	-0.05000	0.10000	8.75103	-0.01127	0.04947	0.00775	0.00000
1.10500	0.05000	-0.05000	0.10000	8.83480	0.00405	-0.03379	-0.01029	0.00000
1.11000	0.05000	-0.05000	0.10000	8.81462	-0.02333	-0.01585	0.01636	0.00000
1.11500	0.05000	-0.05000	0.10000	8.76321	0.00904	0.00827	-0.02390	0.00000
1.12000	0.05000	-0.05000	0.10000	8.77895	-0.03665	-0.01478	0.00311	0.00000
1.12500	0.05000	-0.05000	0.10000	8.66727	0.00235	-0.00971	0.01065	0.00000
1.13000	0.05000	-0.05000	0.10000	8.68510	-0.01075	0.02442	0.01389	0.00000
1.13500	0.05000	-0.05000	0.10000	8.68754	0.01101	0.02109	-0.01373	0.00000
1.14000	0.05000	-0.05000	0.10000	8.73051	0.01299	-0.01567	0.00528	0.00000
1.14500	0.05000	-0.05000	0.10000	8.77584	-0.03243	-0.01282	0.00611	0.00000
1.15000	0.05000	-0.05000	0.10000	8.75707	-0.01459	0.01517	-0.01928	0.00000
1.15500	0.05000	-0.05000	0.10000	8.74138	0.00646	-0.02892	-0.01952	0.00000
1.16000	0.05000	-0.05000	0.10000	8.78970	0.01849	0.00655	-0.00163	0.00000
1.16500	0.05000	-0.05000	0.10000	8.82604	-0.03588	-0.01706	0.02576	0.00000
1.17000	0.05000	-0.05000	0.10000	8.86797	0.02692	0.01239	0.02391	0.00000
1.17500	0.05000	-0.05000	0.10000	8.76267	-0.00473	0.00539	-0.03817	0.00000
1.18000	0.05000	-0.05000	0.10000	8.76150	0.02329	0.02212	-0.01962	0.00000
1.18500	0.05000	-0.05000	0.10000	8.81964	0.01180	0.00409	0.02332	0.00000
1.19000	0.05000	-0.05000	0.10000	8.63929	-0.00250	0.00955	-0.00426	0.00000
1.19500	0.05000	-0.05000	0.10000	8.79210	-0.00863	0.01832	-0.01140	0.00000
1.20000	0.05000	-0.05000	0.10000	8.74672	-0.00192	0.03932	0.03458	0.00000
1.20500	0.05000	-0.05000	0.10000	8.71944	0.00155	-0.01036	0.04112	0.00000
1.21000	0.05000	-0.05000	0.10000	8.82259	0.01352	0.00682	0.00599	0.00000
1.21500	0.05000	-0.05000	0.10000	8.73985	0.01503	-0.02983	0.02817	0.00000
1.22000	0.05000	-0.05000	0.10000	8.76415	0.02747	0.02471	0.00247	0.00000
1.22500	0.05000	-0.05000	0.10000	8.71087	0.03755	-0.01145	0.01006	0.00000
1.23000	0.05000	-0.05000	0.10000	8.82025	-0.02864	0.01381	-0.00878	0.00000
1.23500	0.05000	-0.05000	0.10000	8.70266	0.01866	-0.02618	0.04122	0.00000
1.24000	0.05000	-0.05000	0.10000	8.71390	-0.02015	0.00836	-0.01245	0.00000
1.24500	0.05000	-0.05000	0.10000	8.75785	-0.00680	0.03536	-0.03723	0.00000
1.25000	0.05000	-0.05000	0.10000	8.72015	-0.00017	0.03664	0.01602	0.00000
1.25500	0.05000	-0.05000	0.10000	8.78450	0.02798	-0.00287	-0.00752	0.00000
1.26000	0.05000	-0.05000	0.10000	8.77006	0.03439	-0.01630	0.00199	0.00000
1.26500	0.05000	-0.05000	0.10000	8.76404	0.01271	-0.00972	-0.00690	0.00000
1.27000	0.05000	-0.05000	0.10000	8.79611	0.00727	-0.01080	0.00269	0.00000
1.27500	0.05000	-0.05000	0.10000	8.69009	-0.01002	0.00141	-0.01273	0.00000
1.28000	0.05000	-0.05000	0.10000	8.78458	-0.00506	0.02513	-0.00200	0.00000
1.28500	0.05000	-0.05000	0.10000	8.73675	-0.00657	0.00408	0.03445	0.00000
1.29000	0.05000	-0.05000	0.10000	8.79942	-0.01656	0.01545	-0.02483	0.00000
1.29500	0.05000	-0.05000	0.10000	8.71284	0.02063	-0.02261	0.01549	0.00000
1.30000	0.05000	-0.05000	0.10000	8.74536	0.01864	0.01247	0.01055	0.00000
1.30500	0.05000	-0.05000	0.10000	8.80240	0.00573	0.01452	0.01777	0.00000
1.31000	0.05000	-0.05000	0.10000	8.68160	-0.00088	0.01745	0.01104	0.00000
1.31500	0.05000	-0.05000	0.10000	8.77086	0.01501	0.03683	-0.01466	0.00000
1.32000	0.05000	-0.05000	0.10000	8.75581	-0.05000	-0.01144	-0.01601	0.00000
1.32500	0.05000	-0.05000	0.10000	8.70812	-0.02701	0.01270	0.01306	0.00000
1.33000	0.05000	-0.05000	0.10000	8.76685	0.01770	-0.00214	0.00582	0.00000
1.33500	0.05000	-0.05000	0.10000	8.70213	0.02325	0.02538	0.01712	0.00000
1.34000	0.05000	-0.05000	0.10000	8.75457	-0.02851	0.01387	-0.00459	0.00000
1.34500	0.05000	-0.05000	0.10000	8.73554	-0.00539	0.02896	0.01266	0.00000
1.35000	0.05000	-0.05000	0.10000	8.83533	-0.00830	0.01192	0.01865	0.00000
1.35500	0.05000	-0.05000	0.10000	8.78775	0.01298	-0.00526	0.01198	0.00000
1.36000	0.05000	-0.05000	0.10000	8.72599	-0.00562	0.01317	-0.00637	0.00000
1.36500	0.05000	-0.05000	0.10000	8.80605	0.02572	0.00472	-0.00875	0.00000
1.37000	0.05000	-0.05000	0.10000	8.71123	0.02139	-0.01392	-0.00690	0.00000
1.37500	0.05000	-0.05000	0.10000	8.78077	0.01966	0.02422	-0.03157	0.00000
1.38000	0.05000	-0.05000	0.10000	8.78273	0.01812	0.04094	-0.01980	0.00000
1.38500	0.05000	-0.05000	0.10000	8.79211	-0.02531	-0.01854	0.02151	0.00000
1.39000	0.05000	-0.05000	0.10000	8.72800	-0.01640	-0.01089	-0.00756	0.00000
1.39500	0.05000	-0.05000	0.10000	8.80095	0.02019	-0.02400	0.00419	0.00000
1.40000	0.05000	-0.05000	0.10000	8.70667	0.00221	-0.01183	0.00455	0.00000
1.40500	0.05000	-0.05000	0.10000	8.82733	-0.01288	-0.01265	-0.02117	0.00000
1.41000	0.05000	-0.05000	0.10000	8.78915	-0.01751	0.01218	0.01044	0.00000
1.41500	0.05000	-0.05000	0.10000	8.84260	0.00878	-0.00394	0.01886	0.00000
1.42000	0.05000	-0.05000	0.10000	8.74975	0.01336	-0.02401	0.00786	0.00000
1.42500	0.05000	-0.05000	0.10000	8.75214	0.01966	-0.00675	-0.00764	0.00000
1.43000	0.05000	-0.05000	0.10000	8.70489	0.03283	-0.00782	-0.02949	0.00000
1.43500	0.05000	-0.05000	0.10000	8.73871	-0.01402	0.01758	0.00119	0.00000
1.44000	0.05000	-0.05000	0.10000	8.69184	0.01750	-0.00709	-0.00118	0.00000
1.44500	0.05000	-0.05000	0.10000	8.79535	-0.02791	0.00883	0.02249	0.00000
1.45000	0.05000	-0.05000	0.10000	8.70839	0.03352	-0.01687	-0.00651	0.00000
1.45500	0.05000	-0.05000	0.10000	8.81771	0.03476	-0.03576	0.00799	0.00000
1.46000	0.05000	-0.05000	0.10000	8.77151	0.05000	0.00391	-0.04165	0.00000
1.46500	0.05000	-0.05000	0.10000	8.79224	0.03956	0.00915	0.02239	0.00000
1.47000	0.05000	-0.05000	0.10000	8.85395	-0.00594	-0.01879	0.00384	0.00000
1.47500	0.05000	-0.05000	0.10000	8.82314	-0.03157	0.00542	0.02511	0.00000
1.48000	0.05000	-0.05000	0.10000	8.85010	-0.00144	-0.00664	-0.00551	0.00000
1.48500	0.05000	-0.05000	0.10000	8.77903	-0.01710	-0.02096	0.00088	0.00000
1.49000	0.05000	-0.05000	0.10000	8.75589	0.01650	0.01885	0.00304	0.00000
1.49500	0.05000	-0.05000	0.10000	8.73295	-0.00319	0.01058	-0.00939	0.00000
1.50000	0.05000	-0.05000	0.10000	8.71350	0.00493	-0.05000	0.00489	0.00000
1.50500	0.05000	-0.05000	0.10000	8.76243	0.04043	0.02176	0.00083	0.00000
1.51000	0.05000	-0.05000	0.10000	8.75556	0.00926	-0.01308	0.07132	0.00000
1.51500	0.05000	-0.05000	0.10000	8.81987	-0.02974	0.01715	0.03130	0.00000
1.52000	0.05000	-0.05000	0.10000	8.70748	-0.00853	0.00399	0.00991	0.00000
1.52500	0.05000	-0.05000	0.10000	8.77348	0.01038	0.00720	0.01702	0.00000
1.53000	0.05000	-0.05000	0.10000	8.85231	-0.01672	0.01924	0.00353	0.00000
1.53500	0.05000	-0.05000	0.10000	8.85086	0.02086	0.02292	0.01584	0.00000
1.54000	0.05000	-0.05000	0.10000	8.72232	0.00353	-0.01066	-0.00855	0.00000
1.54500	0.05000	-0.05000	0.10000	8.79899	-0.00693	-0.01913	-0.03629	0.00000
1.55000	0.05000	-0.05000	0.10000	8.77995	0.03875	0.00140	0.01203	0.00000
1.55500	0.05000	-0.05000	0.10000	8.82156	-0.01988	-0.03219	-0.00253	0.00000
1.56000	0.05000	-0.05000	0.10000	8.79204	-0.01914	0.00630	-0.01748	0.00000
1.56500	0.05000	-0.05000	0.10000	8.86330	0.00506	-0.00024	-0.02028	0.00000
1.57000	0.05000	-0.05000	0.10000	8.71024	-0.01175	-0.00605	0.03180	0.00000
1.57500	0.05000	-0.05000	0.10000	8.73056	0.02114	-0.01383	-0.00278	0.00000
1.58000	0.05000	-0.05000	0.10000	8.79284	0.00515	-0.00945	0.03185	0.00000
1.58500	0.05000	-0.05000	0.10000	8.71270	0.02328	-0.01474	0.00599	0.00000
1.59000	0.05000	-0.05000	0.10000	8.80768	0.00723	0.01964	-0.00379	0.00000
1.59500	0.05000	-0.05000	0.10000	8.89733	0.01511	-0.01969	-0.00046	0.00000
1.60000	0.05000	-0.05000	0.10000	8.84197	0.01673	0.02378	-0.01729	0.00000
1.60500	0.05000	-0.05000	0.10000	8.82612	-0.02634	-0.01828	0.03612	0.00000
1.61000	0.05000	-0.05000	0.10000	8.73926	-0.03386	-0.04603	-0.01762	0.00000
1.61500	0.05000	-0.05000	0.10000	8.80447	-0.00498	0.00874	0.00791	0.00000
1.62000	0.05000	-0.05000	0.10000	8.86132	-0.00516	-0.03319	0.03282	0.00000
1.62500	0.05000	-0.05000	0.10000	8.79743	0.01565	0.00957	-0.00704	0.00000
1.63000	0.05000	-0.05000	0.10000	8.82398	0.02445	0.01745	-0.02054	0.00000
1.63500	0.05000	-0.05000	0.10000	8.72152	0.00818	-0.00641	0.02442	0.00000
1.64000	0.05000	-0.05000	0.10000	8.79282	-0.04430	0.01507	-0.01296	0.00000
1.64500	0.05000	-0.05000	0.10000	8.88425	0.01142	-0.02429	0.01281	0.00000
1.65000	0.05000	-0.05000	0.10000	8.75962	0.00973	-0.00315	-0.01263	0.00000
1.65500	0.05000	-0.05000	0.10000	8.81128	-0.03664	-0.01961	-0.00041	0.00000
1.66000	0.05000	-0.05000	0.10000	8.76818	-0.00179	-0.03156	0.01303	0.00000
1.66500	0.05000	-0.05000	0.10000	8.79519	0.01227	-0.00939	-0.01006	0.00000
1.67000	0.05000	-0.05000	0.10000	8.82125	0.02515	-0.00518	-0.00475	0.00000
1.67500	0.05000	-0.05000	0.10000	8.77915	0.00576	-0.00129	0.00354	0.00000
1.68000	0.05000	-0.05000	0.10000	8.67717	-0.04796	0.00269	-0.00559	0.00000
1.68500	0.05000	-0.05000	0.10000	8.84039	-0.02125	-0.02584	0.04586	0.00000
1.69000	0.05000	-0.05000	0.10000	8.79110	-0.01328	0.02581	0.00652	0.00000
1.69500	0.05000	-0.05000	0.10000	8.74516	-0.00717	0.00100	0.01875	0.00000
1.70000	0.05000	-0.05000	0.10000	8.82599	-0.00578	-0.01621	-0.02044	0.00000
1.70500	0.05000	-0.05000	0.10000	8.74151	0.00498	-0.01398	-0.00139	0.00000
1.71000	0.05000	-0.05000	0.10000	8.92071	0.00078	-0.02505	0.02889	0.00000
1.71500	0.05000	-0.05000	0.10000	8.84346	0.01119	0.00482	-0.02896	0.00000
1.72000	0.05000	-0.05000	0.10000	8.78161	0.01844	-0.02398	-0.01726	0.00000
1.72500	0.05000	-0.05000	0.10000	8.89805	0.03134	-0.01125	0.00158	0.00000
1.73000	0.05000	-0.05000	0.10000	8.84332	-0.01743	0.01945	-0.00402	0.00000
1.73500	0.05000	-0.05000	0.10000	8.78994	0.02353	0.01744	0.01450	0.00000
1.74000	0.05000	-0.05000	0.10000	8.75630	0.00190	0.03648	-0.00700	0.00000
1.74500	0.05000	-0.05000	0.10000	8.75285	0.01225	-0.03906	0.00887	0.00000
1.75000	0.05000	-0.05000	0.10000	8.68915	0.04360	0.01872	0.02198	0.00000
1.75500	0.05000	-0.05000	0.10000	8.78314	0.00981	-0.01305	-0.01498	0.00000
1.76000	0.05000	-0.05000	0.10000	8.75553	-0.00589	0.01470	-0.00510	0.00000
1.76500	0.05000	-0.05000	0.10000	8.73582	0.00968	0.00883	0.04666	0.00000
1.77000	0.05000	-0.05000	0.10000	8.81424	-0.00171	0.01326	0.00314	0.00000
1.77500	0.05000	-0.05000	0.10000	8.87103	0.02108	0.00037	0.00266	0.00000
1.78000	0.05000	-0.05000	0.10000	8.84937	-0.00364	-0.01949	0.03632	0.00000
1.78500	0.05000	-0.05000	0.10000	8.85638	-0.01235	-0.01824	-0.01331	0.00000
1.79000	0.05000	-0.05000	0.10000	8.88978	-0.00128	0.02075	-0.01364	0.00000
1.79500	0.05000	-0.05000	0.10000	8.93066	0.02353	0.03245	0.00865	0.00000
1.80000	0.05000	-0.05000	0.10000	8.89725	-0.01920	-0.01182	0.00117	0.00000
1.80500	0.05000	-0.05000	0.10000	8.86293	-0.01870	0.03098	-0.00456	0.00000
1.81000	0.05000	-0.05000	0.10000	8.90776	0.03751	0.02282	-0.00060	0.00000
1.81500	0.05000	-0.05000	0.10000	8.84607	0.01589	-0.00008	0.00756	0.00000
1.82000	0.05000	-0.05000	0.10000	8.83820	0.01557	-0.02118	0.01084	0.00000
1.82500	0.05000	-0.05000	0.10000	8.79466	0.00109	0.02170	-0.00943	0.00000
1.83000	0.05000	-0.05000	0.10000	8.89141	0.00259	0.00191	-0.02573	0.00000
1.83500	0.05000	-0.05000	0.10000	8.89557	-0.00339	0.00809	0.01089	0.00000
1.84000	0.05000	-0.05000	0.10000	8.90398	-0.01169	0.02216	0.02875	0.00000
1.84500	0.05000	-0.05000	0.10000	8.91792	-0.01141	0.00572	0.02599	0.00000
1.85000	0.05000	-0.05000	0.10000	8.87756	-0.01540	0.00263	-0.00918	0.00000
1.85500	0.05000	-0.05000	0.10000	8.93234	-0.00903	0.00898	-0.01229	0.00000
1.86000	0.05000	-0.05000	0.10000	8.95403	0.00185	-0.00439	0.02272	0.00000
1.86500	0.05000	-0.05000	0.10000	8.85985	0.01582	0.01624	-0.00109	0.00000
1.87000	0.05000	-0.05000	0.10000	8.92331	-0.04078	0.03268	-0.00201	0.00000
1.87500	0.05000	-0.05000	0.10000	8.94449	0.01222	0.02587	0.01694	0.00000
1.88000	0.05000	-0.05000	0.10000	8.90909	-0.03530	0.04384	0.00480	0.00000
1.88500	0.05000	-0.05000	0.10000	8.90946	0.01497	-0.00384	0.02321	0.00000
1.89000	0.05000	-0.05000	0.10000	8.96488	-0.01334	-0.01222	0.02967	0.00000
1.89500	0.05000	-0.05000	0.10000	8.83965	-0.01492	-0.01947	-0.01139	0.00000
1.90000	0.05000	-0.05000	0.10000	8.77622	-0.00281	-0.03860	-0.01146	0.00000
1.90500	0.05000	-0.05000	0.10000	8.87244	0.03149	0.00782	0.02335	0.00000
1.91000	0.05000	-0.05000	0.10000	8.89983	-0.01663	0.00066	0.01444	0.00000
1.91500	0.05000	-0.05000	0.10000	8.87502	-0.03980	0.01159	-0.00809	0.00000
1.92000	0.05000	-0.05000	0.10000	8.81023	-0.01825	-0.00495	-0.02703	0.00000
1.92500	0.05000	-0.05000	0.10000	8.90848	-0.01138	0.01007	-0.01879	0.00000
1.93000	0.05000	-0.05000	0.10000	8.92057	0.00930	-0.01488	0.03068	0.00000
1.93500	0.05000	-0.05000	0.10000	8.80837	0.02766	0.02083	0.00363	0.00000
1.94000	0.05000	-0.05000	0.10000	8.91198	0.02133	0.02340	0.00380	0.00000
1.94500	0.05000	-0.05000	0.10000	8.84806	0.01976	-0.01251	-0.02795	0.00000
1.95000	0.05000	-0.05000	0.10000	8.85420	-0.00952	-0.03085	0.00305	0.00000
1.95500	0.05000	-0.05000	0.10000	8.85715	0.00775	-0.02467	-0.01002	0.00000
1.96000	0.05000	-0.05000	0.10000	8.96557	0.00605	0.00363	0.01908	0.00000
1.96500	0.05000	-0.05000	0.10000	8.94856	-0.01239	0.02100	0.01897	0.00000
1.97000	0.05000	-0.05000	0.10000	8.84806	0.01659	0.00847	-0.01297	0.00000
1.97500	0.05000	-0.05000	0.10000	8.81893	-0.03128	0.00062	0.02020	0.00000
1.98000	0.05000	-0.05000	0.10000	8.91621	-0.01669	0.02153	0.00513	0.00000
1.98500	0.05000	-0.05000	0.10000	8.90047	0.01057	0.00307	0.00779	0.00000
1.99000	0.05000	-0.05000	0.10000	8.93413	0.02412	0.00563	0.01473	0.00000
1.99500	0.05000	-0.05000	0.10000	8.95942	0.00371	-0.00802	0.02612	0.00000
2.00000	0.05000	-0.05000	0.10000	8.84934	-0.02712	0.00604	-0.00574	0.00000
2.00500	0.05000	-0.05000	0.10000	9.00565	-0.03998	-0.01950	0.02234	0.00000
2.01000	0.05000	-0.05000	0.10000	8.96308	-0.00134	-0.02109	-0.02904	0.00000
2.01500	0.05000	-0.05000	0.10000	8.96322	-0.01180	-0.01892	0.00300	0.00000
2.02000	0.05000	-0.05000	0.10000	8.91648	0.00197	-0.01619	0.00070	0.00000
2.02500	0.05000	-0.05000	0.10000	8.95586	-0.01203	0.00889	0.03822	0.00000
2.03000	0.05000	-0.05000	0.10000	8.89049	0.02459	-0.04332	-0.00992	0.00000
2.03500	0.05000	-0.05000	0.10000	8.84113	-0.00895	0.02628	-0.00751	0.00000
2.04000	0.05000	-0.05000	0.10000	9.03468	0.00063	-0.01799	-0.00907	0.00000
2.04500	0.05000	-0.05000	0.10000	8.92834	0.02753	0.00647	-0.00557	0.00000
2.05000	0.05000	-0.05000	0.10000	8.92352	0.04722	-0.02032	0.00120	0.00000
2.05500	0.05000	-0.05000	0.10000	8.92617	-0.00662	-0.00012	-0.02006	0.00000
2.06000	0.05000	-0.05000	0.10000	8.94882	0.00078	-0.00734	0.02208	0.00000
2.06500	0.05000	-0.05000	0.10000	8.88429	0.01752	0.00659	-0.01964	0.00000
2.07000	0.05000	-0.05000	0.10000	8.92909	-0.02031	0.01839	-0.00075	0.00000
2.07500	0.05000	-0.05000	0.10000	8.95806	-0.00131	-0.00598	-0.01944	0.00000
2.08000	0.05000	-0.05000	0.10000	8.88699	-0.02649	-0.01092	0.00713	0.00000
2.08500	0.05000	-0.05000	0.10000	9.03058	0.04820	0.00519	-0.00127	0.00000
2.09000	0.05000	-0.05000	0.10000	8.99057	0.02353	0.00492	0.01488	0.00000
2.09500	0.05000	-0.05000	0.10000	8.99094	0.02110	0.01921	0.02318	0.00000
2.10000	0.05000	-0.05000	0.10000	8.95854	0.03084	-0.02180	0.01211	0.00000
2.10500	0.05000	-0.05000	0.10000	8.96182	0.02113	0.03695	-0.00527	0.00000
2.11000	0.05000	-0.05000	0.10000	8.93468	0.00012	-0.01148	-0.03143	0.00000
2.11500	0.05000	-0.05000	0.10000	8.96096	-0.00406	0.01958	0.00974	0.00000
2.12000	0.05000	-0.05000	0.10000	8.94057	-0.01971	-0.02693	0.00398	0.00000
2.12500	0.05000	-0.05000	0.10000	9.00999	0.03079	-0.03541	0.02319	0.00000
2.13000	0.05000	-0.05000	0.10000	8.98223	-0.02014	0.01349	-0.02840	0.00000
2.13500	0.05000	-0.05000	0.10000	8.98297	-0.00868	-0.00515	-0.02779	0.00000
2.14000	0.05000	-0.05000	0.10000	8.97758	0.04372	-0.02268	-0.01223	0.00000
2.14500	0.05000	-0.05000	0.10000	8.96757	-0.03144	0.00223	0.01516	0.00000
2.15000	0.05000	-0.05000	0.10000	9.02658	0.00547	-0.02780	-0.00844	0.00000
2.15500	0.05000	-0.05000	0.10000	9.02947	-0.01261	0.00230	-0.01440	0.00000
2.16000	0.05000	-0.05000	0.10000	9.06795	0.04023	0.01668	0.03462	0.00000
2.16500	0.05000	-0.05000	0.10000	8.99433	0.03177	-0.02556	-0.00628	0.00000
2.17000	0.05000	-0.05000	0.10000	8.97185	-0.01336	0.00556	0.00453	0.00000
2.17500	0.05000	-0.05000	0.10000	8.99370	-0.03761	-0.00572	-0.01224	0.00000
2.18000	0.05000	-0.05000	0.10000	9.05921	0.01948	0.00608	0.01099	0.00000
2.18500	0.05000	-0.05000	0.10000	8.98359	0.02041	-0.01386	0.02695	0.00000
2.19000	0.05000	-0.05000	0.10000	8.98084	-0.00936	-0.00552	-0.00382	0.00000
2.19500	0.05000	-0.05000	0.10000	8.93521	0.03906	-0.02005	-0.00506	0.00000
2.20000	0.05000	-0.05000	0.10000	9.01088	-0.00400	0.00708	-0.00775	0.00000
2.20500	0.05000	-0.05000	0.10000	8.98444	-0.01130	0.02568	-0.01790	0.00000
2.21000	0.05000	-0.05000	0.10000	9.01990	0.04415	-0.02882	0.02169	0.00000
2.21500	0.05000	-0.05000	0.10000	8.97713	-0.01797	0.03345	0.00101	0.00000
2.22000	0.05000	-0.05000	0.10000	9.05592	-0.00653	0.04295	-0.00612	0.00000
2.22500	0.05000	-0.05000	0.10000	9.02911	0.00537	-0.02282	-0.02096	0.00000
2.23000	0.05000	-0.05000	0.10000	9.03663	0.01146	0.00359	-0.00140	0.00000
2.23500	0.05000	-0.05000	0.10000	9.06854	-0.01651	0.00976	-0.00192	0.00000
2.24000	0.05000	-0.05000	0.10000	9.00555	0.00545	0.01448	0.00001	0.00000
2.24500	0.05000	-0.05000	0.10000	8.96958	0.01038	-0.02109	0.00475	0.00000
2.25000	0.05000	-0.05000	0.10000	9.00592	0.00444	0.00437	-0.01137	0.00000
2.25500	0.05000	-0.05000	0.10000	8.92104	0.01969	0.01480	0.01620	0.00000
2.26000	0.05000	-0.05000	0.10000	8.98358	-0.02798	-0.00039	-0.00386	0.00000
2.26500	0.05000	-0.05000	0.10000	8.90179	-0.02097	0.00378	0.00646	0.00000
2.27000	0.05000	-0.05000	0.10000	9.04259	0.00186	-0.00014	0.00769	0.00000
2.27500	0.05000	-0.05000	0.10000	8.93873	-0.03158	-0.01363	0.00391	0.00000
2.28000	0.05000	-0.05000	0.10000	9.01891	-0.01080	0.01459	-0.04263	0.00000
2.28500	0.05000	-0.05000	0.10000	9.07086	0.01566	0.00221	-0.02577	0.00000
2.29000	0.05000	-0.05000	0.10000	9.08138	-0.02142	-0.02321	0.03191	0.00000
2.29500	0.05000	-0.05000	0.10000	9.07457	-0.02065	-0.00468	0.02866	0.00000
2.30000	0.05000	-0.05000	0.10000	9.05935	-0.01356	0.00640	0.01179	0.00000
2.30500	0.05000	-0.05000	0.10000	9.01786	-0.01581	-0.00803	-0.02180	0.00000
2.31000	0.05000	-0.05000	0.10000	9.13787	-0.02409	0.00626	-0.01139	0.00000
2.31500	0.05000	-0.05000	0.10000	9.05491	-0.00933	-0.00829	-0.03185	0.00000
2.32000	0.05000	-0.05000	0.10000	9.06719	0.00525	0.01225	0.01193	0.00000
2.32500	0.05000	-0.05000	0.10000	9.05569	-0.00252	0.02003	-0.02190	0.00000
2.33000	0.05000	-0.05000	0.10000	9.07787	-0.00635	0.01110	0.00834	0.00000
2.33500	0.05000	-0.05000	0.10000	9.11840	-0.02700	-0.00911	-0.00417	0.00000
2.34000	0.05000	-0.05000	0.10000	9.03816	0.03696	0.01240	-0.03633	0.00000
2.34500	0.05000	-0.05000	0.10000	9.05273	-0.01446	0.00477	-0.00036	0.00000
2.35000	0.05000	-0.05000	0.10000	9.02417	-0.01273	0.00247	0.01727	0.00000
2.35500	0.05000	-0.05000	0.10000	9.02486	0.00740	-0.02998	0.01583	0.00000
2.36000	0.05000	-0.05000	0.10000	9.07463	-0.00596	-0.00559	0.01782	0.00000
2.36500	0.05000	-0.05000	0.10000	9.06509	-0.03473	0.00183	0.04928	0.00000
2.37000	0.05000	-0.05000	0.10000	9.08137	0.00152	0.01170	0.01901	0.00000
2.37500	0.05000	-0.05000	0.10000	9.04465	0.04975	0.03508	-0.02158	0.00000
2.38000	0.05000	-0.05000	0.10000	9.04888	0.01457	0.01926	-0.00766	0.00000
2.38500	0.05000	-0.05000	0.10000	9.04222	0.03214	-0.01315	0.03857	0.00000
2.39000	0.05000	-0.05000	0.10000	9.06253	0.00917	-0.00855	-0.02047	0.00000
2.39500	0.05000	-0.05000	0.10000	9.07155	0.00644	-0.00783	0.01063	0.00000
2.40000	0.05000	-0.05000	0.10000	9.09928	0.01045	0.00119	-0.03744	0.00000
2.40500	0.05000	-0.05000	0.10000	9.06497	0.01450	-0.01304	-0.03347	0.00000
2.41000	0.05000	-0.05000	0.10000	9.14281	-0.01937	0.01332	-0.01469	0.00000
2.41500	0.05000	-0.05000	0.10000	9.06280	-0.00697	0.02240	-0.03468	0.00000
2.42000	0.05000	-0.05000	0.10000	9.03686	-0.03243	-0.02248	0.01633	0.00000
2.42500	0.05000	-0.05000	0.10000	9.16308	0.02525	-0.00379	0.01662	0.00000
2.43000	0.05000	-0.05000	0.10000	9.11941	-0.02108	0.00829	-0.02298	0.00000
2.43500	0.05000	-0.05000	0.10000	9.14918	0.00400	-0.00437	-0.02352	0.00000
2.44000	0.05000	-0.05000	0.10000	9.14078	0.02360	0.02596	0.02126	0.00000
2.44500	0.05000	-0.05000	0.10000	9.15146	-0.00495	-0.03310	-0.01330	0.00000
2.45000	0.05000	-0.05000	0.10000	9.09806	0.03956	0.00575	0.01784	0.00000
2.45500	0.05000	-0.05000	0.10000	8.99468	0.02706	0.00008	0.01675	0.00000
2.46000	0.05000	-0.05000	0.10000	9.08656	0.01045	-0.00961	-0.03548	0.00000
2.46500	0.05000	-0.05000	0.10000	9.14682	-0.01545	-0.00027	0.01998	0.00000
2.47000	0.05000	-0.05000	0.10000	9.01482	-0.02940	0.00289	0.00764	0.00000
2.47500	0.05000	-0.05000	0.10000	9.12391	-0.01128	0.01215	0.00949	0.00000
2.48000	0.05000	-0.05000	0.10000	9.11931	-0.00154	-0.04298	-0.01652	0.00000
2.48500	0.05000	-0.05000	0.10000	9.13591	-0.03184	-0.00540	-0.00791	0.00000
2.49000	0.05000	-0.05000	0.10000	8.99323	-0.02100	-0.01249	0.00843	0.00000
2.49500	0.05000	-0.05000	0.10000	9.11253	-0.00586	-0.01607	-0.03307	0.00000
2.50000	0.05000	-0.05000	0.10000	9.11748	0.00846	-0.00713	0.02310	0.00000
2.50500	0.05000	-0.05000	0.10000	9.19445	0.02960	-0.01336	0.01821	0.00000
2.51000	0.05000	-0.05000	0.10000	9.06832	-0.01222	0.00474	0.02226	0.00000
2.51500	0.05000	-0.05000	0.10000	9.21856	0.01713	0.00185	0.02721	0.00000
2.52000	0.05000	-0.05000	0.10000	9.10337	-0.00269	0.03228	-0.01969	0.00000
2.52500	0.05000	-0.05000	0.10000	9.12347	0.00218	0.00950	0.00648	0.00000
2.53000	0.05000	-0.05000	0.10000	9.15234	0.00432	0.01122	0.00588	0.00000
2.53500	0.05000	-0.05000	0.10000	9.15861	0.03460	-0.01528	-0.01667	0.00000
2.54000	0.05000	-0.05000	0.10000	9.22017	0.01343	0.02020	-0.00993	0.00000
2.54500	0.05000	-0.05000	0.10000	9.07386	-0.00672	0.03821	-0.00469	0.00000
2.55000	0.05000	-0.05000	0.10000	9.14030	0.01975	0.00004	0.00812	0.00000
2.55500	0.05000	-0.05000	0.10000	9.06727	0.01550	0.01672	-0.02271	0.00000
2.56000	0.05000	-0.05000	0.10000	9.14578	0.00568	0.02095	0.02450	0.00000
2.56500	0.05000	-0.05000	0.10000	9.06477	0.01796	0.04227	0.00976	0.00000
2.57000	0.05000	-0.05000	0.10000	9.13384	-0.00982	-0.00939	-0.04539	0.00000
2.57500	0.05000	-0.05000	0.10000	9.17711	0.02355	0.02371	0.07749	0.00000
2.58000	0.05000	-0.05000	0.10000	9.09864	0.02661	-0.03739	0.01184	0.00000
2.58500	0.05000	-0.05000	0.10000	9.10572	-0.01638	0.02763	-0.00412	0.00000
2.59000	0.05000	-0.05000	0.10000	9.11278	0.03709	-0.02259	-0.01677	0.00000
2.59500	0.05000	-0.05000	0.10000	9.11862	-0.00830	-0.01646	0.02462	0.00000
2.60000	0.05000	-0.05000	0.10000	9.09026	0.00878	0.03325	-0.00430	0.00000
2.60500	0.05000	-0.05000	0.10000	9.20702	0.00474	-0.01316	0.00128	0.00000
2.61000	0.05000	-0.05000	0.10000	9.20047	0.02536	-0.02881	-0.02126	0.00000
2.61500	0.05000	-0.05000	0.10000	9.12138	0.01530	-0.00118	-0.01177	0.00000
2.62000	0.05000	-0.05000	0.10000	9.15354	0.01009	-0.00317	0.03372	0.00000
2.62500	0.05000	-0.05000	0.10000	9.19614	-0.01648	0.00377	0.02688	0.00000
2.63000	0.05000	-0.05000	0.10000	9.14492	-0.00046	-0.00945	0.01562	0.00000
2.63500	0.05000	-0.05000	0.10000	9.17598	0.01076	-0.01662	0.03101	0.00000
2.64000	0.05000	-0.05000	0.10000	9.21211	-0.03427	-0.00222	0.01297	0.00000
2.64500	0.05000	-0.05000	0.10000	9.21463	-0.02070	0.01995	0.01252	0.00000
2.65000	0.05000	-0.05000	0.10000	9.19356	0.00672	-0.02509	-0.00623	0.00000
2.65500	0.05000	-0.05000	0.10000	9.22394	0.01078	-0.01364	0.02676	0.00000
2.66000	0.05000	-0.05000	0.10000	9.22588	0.00873	-0.02226	-0.02096	0.00000
2.66500	0.05000	-0.05000	0.10000	9.18394	0.00699	0.00066	-0.03182	0.00000
2.67000	0.05000	-0.05000	0.10000	9.28224	0.00931	0.00369	-0.00705	0.00000
2.67500	0.05000	-0.05000	0.10000	9.19470	-0.01836	-0.00642	0.00903	0.00000
2.68000	0.05000	-0.05000	0.10000	9.16451	-0.01342	-0.00816	-0.00863	0.00000
2.68500	0.05000	-0.05000	0.10000	9.19094	0.04375	0.01656	-0.01132	0.00000
2.69000	0.05000	-0.05000	0.10000	9.24984	-0.00524	0.00593	0.01049	0.00000
2.69500	0.05000	-0.05000	0.10000	9.19121	-0.00195	0.01538	0.02862	0.00000
2.70000	0.05000	-0.05000	0.10000	9.22654	-0.01009	-0.00699	-0.00719	0.00000
2.70500	0.05000	-0.05000	0.10000	9.19118	-0.00731	0.03033	-0.01407	0.00000
2.71000	0.05000	-0.05000	0.10000	9.17800	-0.00055	0.00040	0.00018	0.00000
2.71500	0.05000	-0.05000	0.10000	9.16389	0.01398	0.00292	0.00449	0.00000
2.72000	0.05000	-0.05000	0.10000	9.16824	0.03408	-0.00936	0.01611	0.00000
2.72500	0.05000	-0.05000	0.10000	9.20481	-0.00253	-0.01932	0.02435	0.00000
2.73000	0.05000	-0.05000	0.10000	9.26288	-0.00649	-0.03550	0.02891	0.00000
2.73500	0.05000	-0.05000	0.10000	9.24171	0.00832	0.03250	0.03000	0.00000
2.74000	0.05000	-0.05000	0.10000	9.25354	-0.01556	-0.01873	0.02685	0.00000
2.74500	0.05000	-0.05000	0.10000	9.23461	0.00269	-0.03434	-0.00574	0.00000
2.75000	0.05000	-0.05000	0.10000	9.26280	0.00458	-0.03359	0.00672	0.00000
2.75500	0.05000	-0.05000	0.10000	9.23733	-0.01285	0.00080	-0.01126	0.00000
2.76000	0.05000	-0.05000	0.10000	9.21849	-0.00211	0.02011	0.02536	0.00000
2.76500	0.05000	-0.05000	0.10000	9.21137	-0.00137	0.00851	0.00341	0.00000
2.77000	0.05000	-0.05000	0.10000	9.24409	0.01187	0.01955	-0.00347	0.00000
2.77500	0.05000	-0.05000	0.10000	9.26079	-0.01266	-0.00437	-0.01081	0.00000
2.78000	0.05000	-0.05000	0.10000	9.19957	-0.03821	0.00337	-0.02900	0.00000
2.78500	0.05000	-0.05000	0.10000	9.22623	-0.01846	0.01362	0.01971	0.00000
2.79000	0.05000	-0.05000	0.10000	9.25742	0.00714	0.01737	-0.00282	0.00000
2.79500	0.05000	-0.05000	0.10000	9.21123	0.00461	-0.02012	-0.00170	0.00000
2.80000	0.05000	-0.05000	0.10000	9.22855	-0.00475	0.00545	0.01602	0.00000
2.80500	0.05000	-0.05000	0.10000	9.19295	0.03835	-0.00779	0.00765	0.00000
2.81000	0.05000	-0.05000	0.10000	9.16588	-0.00181	-0.00166	0.03583	0.00000
2.81500	0.05000	-0.05000	0.10000	9.17927	0.04312	0.02789	-0.01407	0.00000
2.82000	0.05000	-0.05000	0.10000	9.29781	-0.00975	-0.00185	-0.02958	0.00000
2.82500	0.05000	-0.05000	0.10000	9.30013	-0.00707	0.00297	0.00854	0.00000
2.83000	0.05000	-0.05000	0.10000	9.25578	-0.00089	0.05000	-0.03439	0.00000
2.83500	0.05000	-0.05000	0.10000	9.24931	0.00976	0.00486	0.04824	0.00000
2.84000	0.05000	-0.05000	0.10000	9.23065	-0.00944	0.01236	-0.00901	0.00000
2.84500	0.05000	-0.05000	0.10000	9.25890	0.01198	-0.00948	0.04765	0.00000
2.85000	0.05000	-0.05000	0.10000	9.32335	-0.03755	0.03028	-0.00187	0.00000
2.85500	0.05000	-0.05000	0.10000	9.16700	-0.01491	-0.02481	-0.01404	0.00000
2.86000	0.05000	-0.05000	0.10000	9.24200	0.01487	-0.00666	-0.00423	0.00000
2.86500	0.05000	-0.05000	0.10000	9.33449	-0.01379	0.03609	0.02388	0.00000
2.87000	0.05000	-0.05000	0.10000	9.29789	0.01449	0.01802	-0.02243	0.00000
2.87500	0.05000	-0.05000	0.10000	9.21791	0.00660	0.01405	0.00834	0.00000
2.88000	0.05000	-0.05000	0.10000	9.22507	-0.00007	0.04085	-0.00576	0.00000
2.88500	0.05000	-0.05000	0.10000	9.24517	0.04144	-0.01992	-0.02228	0.00000
2.89000	0.05000	-0.05000	0.10000	9.33195	0.02322	-0.05000	-0.00689	0.00000
2.89500	0.05000	-0.05000	0.10000	9.22969	-0.03173	-0.00680	-0.02775	0.00000
2.90000	0.05000	-0.05000	0.10000	9.25728	-0.02522	-0.02183	-0.00722	0.00000
2.90500	0.05000	-0.05000	0.10000	9.33205	-0.00208	-0.03033	-0.02262	0.00000
2.91000	0.05000	-0.05000	0.10000	9.29663	-0.01942	0.03444	0.00642	0.00000
2.91500	0.05000	-0.05000	0.10000	9.30880	-0.01585	-0.00747	0.03097	0.00000
2.92000	0.05000	-0.05000	0.10000	9.28517	0.01276	0.01096	0.01413	0.00000
2.92500	0.05000	-0.05000	0.10000	9.24389	-0.01674	0.00472	-0.00209	0.00000
2.93000	0.05000	-0.05000	0.10000	9.32687	-0.01790	-0.00060	0.00316	0.00000
2.93500	0.05000	-0.05000	0.10000	9.23851	-0.01340	0.00576	0.02310	0.00000
2.94000	0.05000	-0.05000	0.10000	9.24519	0.01006	-0.00035	0.00562	0.00000
2.94500	0.05000	-0.05000	0.10000	9.34996	0.00681	-0.01246	-0.01182	0.00000
2.95000	0.05000	-0.05000	0.10000	9.25245	0.05000	-0.03014	0.00930	0.00000
2.95500	0.05000	-0.05000	0.10000	9.28043	0.01250	-0.00729	-0.01307	0.00000
2.96000	0.05000	-0.05000	0.10000	9.35786	-0.01004	0.00392	-0.01134	0.00000
2.96500	0.05000	-0.05000	0.10000	9.31432	-0.00859	-0.00112	-0.00741	0.00000
2.97000	0.05000	-0.05000	0.10000	9.21597	-0.00603	0.00445	-0.03086	0.00000
2.97500	0.05000	-0.05000	0.10000	9.28625	0.01438	0.00247	0.00966	0.00000
2.98000	0.05000	-0.05000	0.10000	9.34779	0.00009	-0.00584	0.01169	0.00000
2.98500	0.05000	-0.05000	0.10000	9.32755	0.00031	0.00705	-0.02392	0.00000
2.99000	0.05000	-0.05000	0.10000	9.28351	0.00557	-0.02665	-0.00974	0.00000
2.99500	0.05000	-0.05000	0.10000	9.27002	0.01680	0.01286	-0.03565	0.00000
3.00000	0.05000	-0.05000	0.10000	9.38105	0.02314	-0.03093	-0.01301	0.00000
3.00500	0.05000	-0.05000	0.10000	9.39071	0.02968	-0.03266	0.00103	0.00000
3.01000	0.05000	-0.05000	0.10000	9.28027	-0.02828	0.02087	-0.02279	0.00000
3.01500	0.05000	-0.05000	0.10000	9.30428	0.00270	-0.00201	0.00778	0.00000
3.02000	0.05000	-0.05000	0.10000	9.35458	-0.03240	-0.00407	-0.02007	0.00000
3.02500	0.05000	-0.05000	0.10000	9.26425	0.01972	0.04950	0.02069	0.00000
3.03000	0.05000	-0.05000	0.10000	9.28916	-0.00856	-0.02799	-0.00530	0.00000
3.03500	0.05000	-0.05000	0.10000	9.30046	-0.00888	-0.01440	-0.01270	0.00000
3.04000	0.05000	-0.05000	0.10000	9.29036	-0.00998	0.00945	-0.02404	0.00000
3.04500	0.05000	-0.05000	0.10000	9.29622	-0.02318	-0.00271	0.01112	0.00000
3.05000	0.05000	-0.05000	0.10000	9.21056	0.00540	-0.00139	0.00751	0.00000
3.05500	0.05000	-0.05000	0.10000	9.32057	0.00868	-0.00354	-0.01806	0.00000
3.06000	0.05000	-0.05000	0.10000	9.36197	-0.01567	0.02182	0.01375	0.00000
3.06500	0.05000	-0.05000	0.10000	9.36820	0.00069	-0.01700	-0.01442	0.00000
3.07000	0.05000	-0.05000	0.10000	9.37152	-0.00131	-0.02424	0.05027	0.00000
3.07500	0.05000	-0.05000	0.10000	9.29232	0.02921	-0.01921	-0.00710	0.00000
3.08000	0.05000	-0.05000	0.10000	9.29054	0.00938	0.02903	-0.00031	0.00000
3.08500	0.05000	-0.05000	0.10000	9.22467	-0.01104	-0.03291	0.00514	0.00000
3.09000	0.05000	-0.05000	0.10000	9.34009	0.00215	-0.02371	0.01188	0.00000
3.09500	0.05000	-0.05000	0.10000	9.30627	0.04827	0.01993	-0.03928	0.00000
3.10000	0.05000	-0.05000	0.10000	9.40060	-0.00047	0.05000	0.03459	0.00000
3.10500	0.05000	-0.05000	0.10000	9.32209	0.03245	-0.01404	0.00104	0.00000
3.11000	0.05000	-0.05000	0.10000	9.38832	-0.01546	0.03849	-0.02418	0.00000
3.11500	0.05000	-0.05000	0.10000	9.35893	-0.01672	0.00647	0.00235	0.00000
3.12000	0.05000	-0.05000	0.10000	9.26932	0.00283	-0.01963	0.00106	0.00000
3.12500	0.05000	-0.05000	0.10000	9.31214	-0.05000	0.00919	-0.01013	0.00000
3.13000	0.05000	-0.05000	0.10000	9.31208	-0.00148	0.02749	-0.01356	0.00000
3.13500	0.05000	-0.05000	0.10000	9.33659	-0.01092	0.00209	0.01194	0.00000
3.14000	0.05000	-0.05000	0.10000	9.33784	-0.04603	-0.02330	-0.02341	0.00000
3.14500	0.05000	-0.05000	0.10000	9.32092	0.00387	-0.04215	-0.01356	0.00000
3.15000	0.05000	-0.05000	0.10000	9.34961	0.04236	0.01718	-0.01383	0.00000
3.15500	0.05000	-0.05000	0.10000	9.29113	0.01426	0.00251	0.01843	0.00000
3.16000	0.05000	-0.05000	0.10000	9.39042	0.02517	0.01999	-0.00195	0.00000
3.16500	0.05000	-0.05000	0.10000	9.40909	-0.03188	0.01705	0.01576	0.00000
3.17000	0.05000	-0.05000	0.10000	9.45156	-0.00127	0.00389	-0.00181	0.00000
3.17500	0.05000	-0.05000	0.10000	9.31203	0.02568	-0.00912	0.00827	0.00000
3.18000	0.05000	-0.05000	0.10000	9.33942	0.00161	-0.02017	0.01830	0.00000
3.18500	0.05000	-0.05000	0.10000	9.37835	0.01061	0.01483	-0.03341	0.00000
3.19000	0.05000	-0.05000	0.10000	9.42025	0.00689	0.02107	-0.01868	0.00000
3.19500	0.05000	-0.05000	0.10000	9.31429	-0.01149	0.04249	0.04341	0.00000
3.20000	0.05000	-0.05000	0.10000	9.26930	-0.00019	0.01098	-0.00890	0.00000
3.20500	0.05000	-0.05000	0.10000	9.32592	0.04715	0.02696	0.00955	0.00000
3.21000	0.05000	-0.05000	0.10000	9.39338	-0.04073	0.00983	0.00428	0.00000
3.21500	0.05000	-0.05000	0.10000	9.32966	-0.01324	-0.01849	0.04030	0.00000
3.22000	0.05000	-0.05000	0.10000	9.34703	0.00210	-0.02694	-0.00139	0.00000
3.22500	0.05000	-0.05000	0.10000	9.43346	0.03776	-0.04019	0.01130	0.00000
3.23000	0.05000	-0.05000	0.10000	9.40086	0.00958	0.00857	0.01232	0.00000
3.23500	0.05000	-0.05000	0.10000	9.43865	0.01444	-0.03185	-0.02331	0.00000
3.24000	0.05000	-0.05000	0.10000	9.42921	-0.00639	0.01736	0.00178	0.00000
3.24500	0.05000	-0.05000	0.10000	9.31633	-0.01878	-0.00262	-0.00269	0.00000
3.25000	0.05000	-0.05000	0.10000	9.32726	-0.01025	-0.02479	-0.02495	0.00000
3.25500	0.05000	-0.05000	0.10000	9.37149	0.01965	0.01694	0.01437	0.00000
3.26000	0.05000	-0.05000	0.10000	9.45440	0.02371	0.00517	0.01822	0.00000
3.26500	0.05000	-0.05000	0.10000	9.46854	0.02989	-0.01169	-0.02054	0.00000
3.27000	0.05000	-0.05000	0.10000	9.43934	-0.01259	-0.00760	0.00568	0.00000
3.27500	0.05000	-0.05000	0.10000	9.41171	-0.01169	-0.02557	-0.01211	0.00000
3.28000	0.05000	-0.05000	0.10000	9.41012	0.00930	-0.01590	-0.03719	0.00000
3.28500	0.05000	-0.05000	0.10000	9.34165	-0.00082	-0.01592	-0.00549	0.00000
3.29000	0.05000	-0.05000	0.10000	9.42629	0.01546	0.03831	0.01143	0.00000
3.29500	0.05000	-0.05000	0.10000	9.41186	0.01472	0.02022	-0.00953	0.00000
3.30000	0.05000	-0.05000	0.10000	9.46963	-0.00072	-0.01025	0.01638	0.00000
3.30500	0.05000	-0.05000	0.10000	9.40138	0.03108	0.01035	-0.00039	0.00000
3.31000	0.05000	-0.05000	0.10000	9.41616	-0.02802	0.00192	-0.01083	0.00000
3.31500	0.05000	-0.05000	0.10000	9.39537	-0.00588	-0.01131	-0.02194	0.00000
3.32000	0.05000	-0.05000	0.10000	9.46624	0.02571	-0.03106	0.00633	0.00000
3.32500	0.05000	-0.05000	0.10000	9.36644	0.01104	0.00330	0.02771	0.00000
3.33000	0.05000	-0.05000	0.10000	9.47446	0.01241	0.02113	-0.00268	0.00000
3.33500	0.05000	-0.05000	0.10000	9.39284	-0.02066	0.03087	0.01124	0.00000
3.34000	0.05000	-0.05000	0.10000	9.41634	-0.03179	0.00008	0.00675	0.00000
3.34500	0.05000	-0.05000	0.10000	9.33878	0.01296	0.01479	0.01430	0.00000
3.35000	0.05000	-0.05000	0.10000	9.47193	0.01201	0.01798	-0.02836	0.00000
3.35500	0.05000	-0.05000	0.10000	9.40805	-0.01166	-0.00691	0.00512	0.00000
3.36000	0.05000	-0.05000	0.10000	9.36756	-0.02733	-0.00113	-0.02012	0.00000
3.36500	0.05000	-0.05000	0.10000	9.40925	0.01041	0.01481	0.00456	0.00000
3.37000	0.05000	-0.05000	0.10000	9.37529	-0.01415	-0.02049	0.00838	0.00000
3.37500	0.05000	-0.05000	0.10000	9.53569	0.02404	0.01176	-0.02739	0.00000
3.38000	0.05000	-0.05000	0.10000	9.24212	-0.02232	0.01818	-0.01582	0.00000
3.38500	0.05000	-0.05000	0.10000	9.31851	-0.01044	-0.02635	-0.03803	0.00000
3.39000	0.05000	-0.05000	0.10000	9.47017	0.01182	-0.01554	-0.01037	0.00000
3.39500	0.05000	-0.05000	0.10000	9.44659	-0.00777	0.00239	-0.00299	0.00000
3.40000	0.05000	-0.05000	0.10000	9.44752	-0.01435	-0.02502	0.01361	0.00000
3.40500	0.05000	-0.05000	0.10000	9.35301	-0.01260	0.02678	-0.02322	0.00000
3.41000	0.05000	-0.05000	0.10000	9.44633	-0.00726	-0.02301	-0.01002	0.00000
3.41500	0.05000	-0.05000	0.10000	9.34628	0.00510	-0.00462	0.01133	0.00000
3.42000	0.05000	-0.05000	0.10000	9.32020	-0.00296	-0.03173	0.00455	0.00000
3.42500	0.05000	-0.05000	0.10000	9.39708	0.02141	0.02065	0.00751	0.00000
3.43000	0.05000	-0.05000	0.10000	9.49000	0.01563	0.01653	-0.02560	0.00000
3.43500	0.05000	-0.05000	0.10000	9.45992	-0.00869	-0.00694	0.02913	0.00000
3.44000	0.05000	-0.05000	0.10000	9.37475	0.02592	-0.01950	0.01441	0.00000
3.44500	0.05000	-0.05000	0.10000	9.49418	-0.00876	0.02826	-0.00566	0.00000
3.45000	0.05000	-0.05000	0.10000	9.42528	-0.01235	0.00398	-0.03309	0.00000
3.45500	0.05000	-0.05000	0.10000	9.54583	-0.02522	-0.03378	0.02013	0.00000
3.46000	0.05000	-0.05000	0.10000	9.46758	0.01694	-0.01082	0.00505	0.00000
3.46500	0.05000	-0.05000	0.10000	9.38068	0.01551	-0.00291	-0.00990	0.00000
3.47000	0.05000	-0.05000	0.10000	9.36950	-0.00890	0.01045	-0.00996	0.00000
3.47500	0.05000	-0.05000	0.10000	9.46929	0.02571	0.02986	0.02897	0.00000
3.48000	0.05000	-0.05000	0.10000	9.46457	0.01922	-0.00511	-0.01001	0.00000
3.48500	0.05000	-0.05000	0.10000	9.50147	0.02972	-0.01025	0.02112	0.00000
3.49000	0.05000	-0.05000	0.10000	9.55465	-0.01042	0.01611	-0.02574	0.00000
3.49500	0.05000	-0.05000	0.10000	9.41061	0.00684	0.01181	-0.01698	0.00000
3.50000	0.05000	-0.05000	0.10000	9.47899	0.00883	0.03874	0.02577	0.00000
3.50500	0.05000	-0.05000	0.10000	9.38207	-0.00832	0.00301	0.00367	0.00000
3.51000	0.05000	-0.05000	0.10000	9.46083	0.00071	0.00792	0.03451	0.00000
3.51500	0.05000	-0.05000	0.10000	9.48713	-0.02705	0.02249	-0.03096	0.00000
3.52000	0.05000	-0.05000	0.10000	9.50960	0.03703	-0.02533	-0.02606	0.00000
3.52500	0.05000	-0.05000	0.10000	9.48857	-0.01377	0.00012	-0.01413	0.00000
3.53000	0.05000	-0.05000	0.10000	9.51100	0.02007	0.02773	-0.01264	0.00000
3.53500	0.05000	-0.05000	0.10000	9.49765	0.01536	-0.02622	0.01311	0.00000
3.54000	0.05000	-0.05000	0.10000	9.49077	0.02227	-0.00485	0.00422	0.00000
3.54500	0.05000	-0.05000	0.10000	9.45531	0.01809	-0.02427	-0.01021	0.00000
3.55000	0.05000	-0.05000	0.10000	9.47824	0.00332	0.00239	-0.00116	0.00000
3.55500	0.05000	-0.05000	0.10000	9.49304	0.00585	-0.02567	0.00344	0.00000
3.56000	0.05000	-0.05000	0.10000	9.45757	-0.00024	0.00575	0.00093	0.00000
3.56500	0.05000	-0.05000	0.10000	9.54432	-0.00349	0.02614	-0.00816	0.00000
3.57000	0.05000	-0.05000	0.10000	9.49295	0.01683	-0.01774	-0.01091	0.00000
3.57500	0.05000	-0.05000	0.10000	9.50839	0.01337	-0.02362	-0.00915	0.00000
3.58000	0.05000	-0.05000	0.10000	9.45077	0.00764	-0.00819	-0.00728	0.00000
3.58500	0.05000	-0.05000	0.10000	9.47013	0.00537	-0.01446	-0.03307	0.00000
3.59000	0.05000	-0.05000	0.10000	9.51564	-0.02973	-0.00405	0.04531	0.00000
3.59500	0.05000	-0.05000	0.10000	9.54326	0.00783	0.00374	0.03530	0.00000
3.60000	0.05000	-0.05000	0.10000	9.44968	0.00513	-0.01536	-0.02117	0.00000
3.60500	0.05000	-0.05000	0.10000	9.44426	0.00809	-0.01394	0.01956	0.00000
3.61000	0.05000	-0.05000	0.10000	9.59504	-0.01017	-0.00649	0.02749	0.00000
3.61500	0.05000	-0.05000	0.10000	9.50202	0.00263	0.02920	-0.01286	0.00000
3.62000	0.05000	-0.05000	0.10000	9.55481	-0.03020	0.02351	-0.01988	0.00000
3.62500	0.05000	-0.05000	0.10000	9.43183	0.00897	-0.04176	0.02073	0.00000
3.63000	0.05000	-0.05000	0.10000	9.46858	0.03318	0.00988	0.02255	0.00000
3.63500	0.05000	-0.05000	0.10000	9.49002	0.02490	-0.00979	0.01905	0.00000
3.64000	0.05000	-0.05000	0.10000	9.43198	-0.00983	-0.01778	0.00231	0.00000
3.64500	0.05000	-0.05000	0.10000	9.59040	-0.00437	-0.02339	0.00202	0.00000
3.65000	0.05000	-0.05000	0.10000	9.51197	-0.02258	-0.03296	-0.01392	0.00000
3.65500	0.05000	-0.05000	0.10000	9.52229	-0.02560	0.01744	-0.06681	0.00000
3.66000	0.05000	-0.05000	0.10000	9.50169	0.00718	-0.02104	-0.03703	0.00000
3.66500	0.05000	-0.05000	0.10000	9.49538	0.00425	0.00066	0.00625	0.00000
3.67000	0.05000	-0.05000	0.10000	9.47181	0.01624	0.02017	0.00684	0.00000
3.67500	0.05000	-0.05000	0.10000	9.49648	0.00659	0.02606	-0.02477	0.00000
3.68000	0.05000	-0.05000	0.10000	9.58150	-0.00431	0.02603	0.01868	0.00000
3.68500	0.05000	-0.05000	0.10000	9.51349	0.00251	-0.00641	-0.03781	0.00000
3.69000	0.05000	-0.05000	0.10000	9.49613	0.00179	-0.01862	0.01098	0.00000
3.69500	0.05000	-0.05000	0.10000	9.45878	0.03903	0.00069	-0.01879	0.00000
3.70000	0.05000	-0.05000	0.10000	9.53525	-0.00783	-0.02462	-0.01498	0.00000
3.70500	0.05000	-0.05000	0.10000	9.50503	-0.00991	-0.00769	0.01788	0.00000
3.71000	0.05000	-0.05000	0.10000	9.47113	-0.01318	0.01620	-0.01545	0.00000
3.71500	0.05000	-0.05000	0.10000	9.44454	-0.02345	0.02194	0.01092	0.00000
3.72000	0.05000	-0.05000	0.10000	9.61876	0.03606	0.03077	-0.00649	0.00000
3.72500	0.05000	-0.05000	0.10000	9.51314	0.01907	0.01135	-0.00555	0.00000
3.73000	0.05000	-0.05000	0.10000	9.51360	-0.00060	-0.00802	-0.02005	0.00000
3.73500	0.05000	-0.05000	0.10000	9.57000	0.00459	-0.03320	0.01059	0.00000
3.74000	0.05000	-0.05000	0.10000	9.47074	-0.00095	-0.02183	-0.00782	0.00000
3.74500	0.05000	-0.05000	0.10000	9.49972	-0.00084	-0.01690	-0.00793	0.00000
3.75000	0.05000	-0.05000	0.10000	9.45315	-0.01440	0.01530	-0.04367	0.00000
3.75500	0.05000	-0.05000	0.10000	9.50079	-0.00330	0.00329	-0.01949	0.00000
3.76000	0.05000	-0.05000	0.10000	9.58904	-0.00567	0.01254	0.01980	0.00000
3.76500	0.05000	-0.05000	0.10000	9.61102	-0.00306	0.01289	-0.04586	0.00000
3.77000	0.05000	-0.05000	0.10000	9.56547	0.02292	0.02645	0.00826	0.00000
3.77500	0.05000	-0.05000	0.10000	9.54670	-0.01195	0.00202	0.00442	0.00000
3.78000	0.05000	-0.05000	0.10000	9.56625	-0.00546	0.00155	-0.01027	0.00000
3.78500	0.05000	-0.05000	0.10000	9.57662	-0.01067	-0.01333	0.01247	0.00000
3.79000	0.05000	-0.05000	0.10000	9.50107	0.01445	0.01578	-0.01924	0.00000
3.79500	0.05000	-0.05000	0.10000	9.51212	-0.01221	0.03576	0.01945	0.00000
3.80000	0.05000	-0.05000	0.10000	9.52618	0.00121	0.03181	0.01450	0.00000
3.80500	0.05000	-0.05000	0.10000	9.54671	0.01953	-0.00234	-0.01693	0.00000
3.81000	0.05000	-0.05000	0.10000	9.49943	0.01478	-0.02837	0.01881	0.00000
3.81500	0.05000	-0.05000	0.10000	9.43391	-0.02103	-0.00553	-0.00449	0.00000
3.82000	0.05000	-0.05000	0.10000	9.48678	-0.01341	0.00890	-0.01795	0.00000
3.82500	0.05000	-0.05000	0.10000	9.57268	-0.01618	0.01168	0.02006	0.00000
3.83000	0.05000	-0.05000	0.10000	9.50889	0.02674	-0.01891	-0.02490	0.00000
3.83500	0.05000	-0.05000	0.10000	9.54105	-0.00681	-0.00393	-0.02277	0.00000
3.84000	0.05000	-0.05000	0.10000	9.53795	0.00247	-0.00831	-0.01448	0.00000
3.84500	0.05000	-0.05000	0.10000	9.52750	-0.01570	0.00966	-0.02961	0.00000
3.85000	0.05000	-0.05000	0.10000	9.48421	-0.02360	-0.00954	0.02478	0.00000
3.85500	0.05000	-0.05000	0.10000	9.58207	0.01021	0.01406	-0.00553	0.00000
3.86000	0.05000	-0.05000	0.10000	9.58901	0.00870	-0.01052	-0.02671	0.00000
3.86500	0.05000	-0.05000	0.10000	9.57971	-0.00146	-0.02293	0.00040	0.00000
3.87000	0.05000	-0.05000	0.10000	9.53216	-0.00256	-0.02097	0.01935	0.00000
3.87500	0.05000	-0.05000	0.10000	9.52819	0.00464	0.01382	0.01607	0.00000
3.88000	0.05000	-0.05000	0.10000	9.56642	-0.00664	0.02952	0.00618	0.00000
3.88500	0.05000	-0.05000	0.10000	9.61653	0.02306	-0.00120	-0.00875	0.00000
3.89000	0.05000	-0.05000	0.10000	9.49346	0.01651	-0.01011	-0.00200	0.00000
3.89500	0.05000	-0.05000	0.10000	9.46153	0.04708	0.02773	-0.00418	0.00000
3.90000	0.05000	-0.05000	0.10000	9.51576	-0.03898	0.03019	-0.00665	0.00000
3.90500	0.05000	-0.05000	0.10000	9.59817	-0.00384	0.00293	-0.01537	0.00000
3.91000	0.05000	-0.05000	0.10000	9.62298	0.01457	0.00170	-0.02117	0.00000
3.91500	0.05000	-0.05000	0.10000	9.61062	-0.01342	-0.00069	0.00913	0.00000
3.92000	0.05000	-0.05000	0.10000	9.47881	0.04019	-0.00954	-0.03029	0.00000
3.92500	0.05000	-0.05000	0.10000	9.65892	-0.00445	-0.01199	-0.01453	0.00000
3.93000	0.05000	-0.05000	0.10000	9.54955	0.02087	0.03653	-0.00676	0.00000
3.93500	0.05000	-0.05000	0.10000	9.56129	-0.03418	-0.00893	-0.00025	0.00000
3.94000	0.05000	-0.05000	0.10000	9.58542	0.04525	0.01525	-0.00650	0.00000
3.94500	0.05000	-0.05000	0.10000	9.57689	0.03075	-0.00956	-0.00205	0.00000
3.95000	0.05000	-0.05000	0.10000	9.60301	-0.01814	0.00012	-0.01110	0.00000
3.95500	0.05000	-0.05000	0.10000	9.63794	-0.05000	-0.02306	0.00435	0.00000
3.96000	0.05000	-0.05000	0.10000	9.63146	0.01629	-0.02052	-0.01698	0.00000
3.96500	0.05000	-0.05000	0.10000	9.53019	-0.01926	0.00343	0.01761	0.00000
3.97000	0.05000	-0.05000	0.10000	9.59381	0.00678	-0.05000	-0.01872	0.00000
3.97500	0.05000	-0.05000	0.10000	9.65495	0.02887	-0.00975	0.00637	0.00000
3.98000	0.05000	-0.05000	0.10000	9.69532	-0.01207	0.00395	-0.00474	0.00000
3.98500	0.05000	-0.05000	0.10000	9.62347	0.00195	-0.01308	-0.02134	0.00000
3.99000	0.05000	-0.05000	0.10000	9.54125	-0.02427	0.01639	0.00146	0.00000
3.99500	0.05000	-0.05000	0.10000	9.53710	-0.02069	-0.04740	-0.01897	0.00000
4.00000	0.05000	-0.05000	0.10000	9.58639	-0.00432	0.00454	-0.00044	0.00000
4.00500	0.05000	-0.05000	0.10000	9.67704	-0.04053	-0.03643	0.01582	0.00000
4.01000	0.05000	-0.05000	0.10000	9.63913	-0.03404	0.01273	-0.00041	0.00000
4.01500	0.05000	-0.05000	0.10000	9.60018	0.01327	0.00307	-0.02782	0.00000
4.02000	0.05000	-0.05000	0.10000	9.60874	-0.00205	-0.00327	-0.03568	0.00000
4.02500	0.05000	-0.05000	0.10000	9.61706	0.01609	0.00527	-0.00258	0.00000
4.03000	0.05000	-0.05000	0.10000	9.44858	-0.00308	-0.04078	0.00311	0.00000
4.03500	0.05000	-0.05000	0.10000	9.67417	0.01444	-0.01171	-0.04557	0.00000
4.04000	0.05000	-0.05000	0.10000	9.53473	0.00499	0.04301	-0.00367	0.00000
4.04500	0.05000	-0.05000	0.10000	9.58450	-0.02098	0.01152	0.01499	0.00000
4.05000	0.05000	-0.05000	0.10000	9.51024	0.01519	0.00300	0.01216	0.00000
4.05500	0.05000	-0.05000	0.10000	9.56220	0.01015	-0.03324	0.01459	0.00000
4.06000	0.05000	-0.05000	0.10000	9.56781	-0.00638	0.01077	0.04685	0.00000
4.06500	0.05000	-0.05000	0.10000	9.53673	0.00982	-0.01326	-0.04072	0.00000
4.07000	0.05000	-0.05000	0.10000	9.51036	0.03960	-0.02647	0.01267	0.00000
4.07500	0.05000	-0.05000	0.10000	9.59362	-0.03334	-0.00966	-0.01466	0.00000
4.08000	0.05000	-0.05000	0.10000	9.57278	-0.00807	-0.01260	-0.04840	0.00000
4.08500	0.05000	-0.05000	0.10000	9.56677	0.01141	0.00790	-0.01022	0.00000
4.09000	0.05000	-0.05000	0.10000	9.61774	0.00506	0.01271	0.00343	0.00000
4.09500	0.05000	-0.05000	0.10000	9.62636	-0.00062	0.00209	0.01546	0.00000
4.10000	0.05000	-0.05000	0.10000	9.55342	-0.01600	0.00867	-0.00121	0.00000
4.10500	0.05000	-0.05000	0.10000	9.59191	0.02194	-0.02659	-0.04682	0.00000
4.11000	0.05000	-0.05000	0.10000	9.60868	-0.01007	-0.03134	-0.01650	0.00000
4.11500	0.05000	-0.05000	0.10000	9.59771	0.00054	0.01433	-0.02134	0.00000
4.12000	0.05000	-0.05000	0.10000	9.61292	0.00050	0.01740	-0.00242	0.00000
4.12500	0.05000	-0.05000	0.10000	9.60345	-0.02928	0.03644	0.00103	0.00000
4.13000	0.05000	-0.05000	0.10000	9.62363	-0.02247	0.00299	0.01718	0.00000
4.13500	0.05000	-0.05000	0.10000	9.59957	-0.01625	0.02334	0.00488	0.00000
4.14000	0.05000	-0.05000	0.10000	9.65792	-0.00791	-0.00425	0.02576	0.00000
4.14500	0.05000	-0.05000	0.10000	9.58599	-0.03089	0.03402	-0.05864	0.00000
4.15000	0.05000	-0.05000	0.10000	9.64506	0.01106	0.03002	-0.00713	0.00000
4.15500	0.05000	-0.05000	0.10000	9.65756	-0.00331	-0.01208	0.00527	0.00000
4.16000	0.05000	-0.05000	0.10000	9.68117	-0.01884	0.01037	-0.01490	0.00000
4.16500	0.05000	-0.05000	0.10000	9.59107	-0.01462	-0.04416	-0.02659	0.00000
4.17000	0.05000	-0.05000	0.10000	9.68026	-0.03288	-0.00970	-0.02525	0.00000
4.17500	0.05000	-0.05000	0.10000	9.71112	0.00686	-0.01291	-0.00768	0.00000
4.18000	0.05000	-0.05000	0.10000	9.69379	-0.00829	-0.02574	-0.00438	0.00000
4.18500	0.05000	-0.05000	0.10000	9.63933	-0.00193	0.01255	0.01965	0.00000
4.19000	0.05000	-0.05000	0.10000	9.68443	0.01038	0.00381	0.01147	0.00000
4.19500	0.05000	-0.05000	0.10000	9.62872	0.00459	0.00154	-0.00164	0.00000
4.20000	0.05000	-0.05000	0.10000	9.59373	-0.01365	0.00683	-0.00853	0.00000
4.20500	0.05000	-0.05000	0.10000	9.60051	0.02606	-0.00706	-0.03132	0.00000
4.21000	0.05000	-0.05000	0.10000	9.61501	-0.01122	0.01307	0.01583	0.00000
4.21500	0.05000	-0.05000	0.10000	9.63583	-0.02305	-0.00957	-0.00507	0.00000
4.22000	0.05000	-0.05000	0.10000	9.60789	0.02125	-0.01027	0.01776	0.00000
4.22500	0.05000	-0.05000	0.10000	9.57183	-0.03269	-0.01846	0.00438	0.00000
4.23000	0.05000	-0.05000	0.10000	9.68298	-0.03665	0.01448	0.01451	0.00000
4.23500	0.05000	-0.05000	0.10000	9.69209	-0.00181	0.00286	-0.00710	0.00000
4.24000	0.05000	-0.05000	0.10000	9.68010	-0.00193	-0.00501	-0.01923	0.00000
4.24500	0.05000	-0.05000	0.10000	9.64246	-0.00111	0.00966	-0.02321	0.00000
4.25000	0.05000	-0.05000	0.10000	9.63780	0.03774	0.01179	0.00290	0.00000
4.25500	0.05000	-0.05000	0.10000	9.62978	0.00206	0.02149	0.00391	0.00000
4.26000	0.05000	-0.05000	0.10000	9.67852	-0.00282	-0.00339	-0.00111	0.00000
4.26500	0.05000	-0.05000	0.10000	9.63669	-0.01812	-0.01351	-0.02887	0.00000
4.27000	0.05000	-0.05000	0.10000	9.64639	-0.00552	0.00792	-0.01870	0.00000
4.27500	0.05000	-0.05000	0.10000	9.66142	-0.01029	0.01057	-0.00523	0.00000
4.28000	0.05000	-0.05000	0.10000	9.67024	-0.01621	-0.00795	0.01161	0.00000
4.28500	0.05000	-0.05000	0.10000	9.63092	0.01116	0.00786	0.01197	0.00000
4.29000	0.05000	-0.05000	0.10000	9.68827	-0.00630	0.00480	-0.01218	0.00000
4.29500	0.05000	-0.05000	0.10000	9.72580	0.02297	-0.03524	-0.01448	0.00000
4.30000	0.05000	-0.05000	0.10000	9.68074	0.00195	-0.00045	0.02529	0.00000
4.30500	0.05000	-0.05000	0.10000	9.67831	0.01509	0.00449	0.00092	0.00000
4.31000	0.05000	-0.05000	0.10000	9.72929	-0.02981	-0.01200	0.02523	0.00000
4.31500	0.05000	-0.05000	0.10000	9.64595	-0.02060	0.01174	-0.01141	0.00000
4.32000	0.05000	-0.05000	0.10000	9.72405	-0.00366	0.00533	0.02616	0.00000
4.32500	0.05000	-0.05000	0.10000	9.70184	0.00419	0.00541	-0.01161	0.00000
4.33000	0.05000	-0.05000	0.10000	9.72225	-0.00342	0.02573	-0.04252	0.00000
4.33500	0.05000	-0.05000	0.10000	9.68593	-0.01810	0.02314	-0.03030	0.00000
4.34000	0.05000	-0.05000	0.10000	9.65743	-0.01417	-0.03702	0.03495	0.00000
4.34500	0.05000	-0.05000	0.10000	9.60654	-0.01590	0.01785	0.00862	0.00000
4.35000	0.05000	-0.05000	0.10000	9.68175	-0.02294	-0.03089	-0.01772	0.00000
4.35500	0.05000	-0.05000	0.10000	9.77546	0.01291	-0.02865	0.00274	0.00000
4.36000	0.05000	-0.05000	0.10000	9.69589	0.00101	0.00929	-0.00348	0.00000
4.36500	0.05000	-0.05000	0.10000	9.69009	0.00263	-0.02061	0.01920	0.00000
4.37000	0.05000	-0.05000	0.10000	9.67438	-0.02847	-0.01974	-0.00107	0.00000
4.37500	0.05000	-0.05000	0.10000	9.68979	0.01392	-0.01241	-0.02997	0.00000
4.38000	0.05000	-0.05000	0.10000	9.68629	-0.00069	0.00444	-0.01296	0.00000
4.38500	0.05000	-0.05000	0.10000	9.69493	-0.01636	0.00533	0.03157	0.00000
4.39000	0.05000	-0.05000	0.10000	9.59285	0.00978	-0.01208	0.01992	0.00000
4.39500	0.05000	-0.05000	0.10000	9.73521	-0.04082	0.01766	-0.00994	0.00000
4.40000	0.05000	-0.05000	0.10000	9.70411	-0.01754	0.01694	-0.03442	0.00000
4.40500	0.05000	-0.05000	0.10000	9.64864	-0.00300	-0.01241	0.01482	0.00000
4.41000	0.05000	-0.05000	0.10000	9.80086	0.01478	-0.02446	-0.00753	0.00000
4.41500	0.05000	-0.05000	0.10000	9.58589	-0.01700	-0.00105	0.03562	0.00000
4.42000	0.05000	-0.05000	0.10000	9.69300	0.00710	0.00372	0.02553	0.00000
4.42500	0.05000	-0.05000	0.10000	9.64336	-0.02607	-0.02479	0.02453	0.00000
4.43000	0.05000	-0.05000	0.10000	9.81013	0.00350	0.01771	0.02420	0.00000
4.43500	0.05000	-0.05000	0.10000	9.69630	0.00769	-0.02284	-0.01659	0.00000
4.44000	0.05000	-0.05000	0.10000	9.69958	0.01141	0.00277	0.02136	0.00000
4.44500	0.05000	-0.05000	0.10000	9.69415	0.01051	-0.00834	0.00748	0.00000
4.45000	0.05000	-0.05000	0.10000	9.63597	0.01179	0.02598	0.00842	0.00000
4.45500	0.05000	-0.05000	0.10000	9.80879	0.00523	-0.00653	0.04352	0.00000
4.46000	0.05000	-0.05000	0.10000	9.73867	-0.00009	-0.00008	-0.01483	0.00000
4.46500	0.05000	-0.05000	0.10000	9.71019	0.00092	-0.01316	-0.01936	0.00000
4.47000	0.05000	-0.05000	0.10000	9.75660	-0.01346	-0.00827	-0.00466	0.00000
4.47500	0.05000	-0.05000	0.10000	9.78433	0.03610	0.01772	0.01391	0.00000
4.48000	0.05000	-0.05000	0.10000	9.69425	-0.03875	0.03325	-0.02563	0.00000
4.48500	0.05000	-0.05000	0.10000	9.76112	0.02034	0.02154	-0.00028	0.00000
4.49000	0.05000	-0.05000	0.10000	9.85620	0.02052	0.01416	0.01901	0.00000
4.49500	0.05000	-0.05000	0.10000	9.72606	0.00090	0.00467	-0.01818	0.00000
4.50000	0.05000	-0.05000	0.10000	9.78241	-0.00522	-0.00322	0.00882	0.00000
4.50500	0.05000	-0.05000	0.10000	9.65456	-0.02763	0.00551	0.00469	0.00000
4.51000	0.05000	-0.05000	0.10000	9.66464	0.03286	0.00909	0.02131	0.00000
4.51500	0.05000	-0.05000	0.10000	9.69662	0.00816	0.01490	0.02659	0.00000
4.52000	0.05000	-0.05000	0.10000	9.72139	0.02121	0.00559	0.03808	0.00000
4.52500	0.05000	-0.05000	0.10000	9.76271	0.00728	-0.00576	0.01976	0.00000
4.53000	0.05000	-0.05000	0.10000	9.68165	0.02277	-0.02272	0.05041	0.00000
4.53500	0.05000	-0.05000	0.10000	9.68401	0.01480	0.00136	0.04053	0.00000
4.54000	0.05000	-0.05000	0.10000	9.68092	-0.00018	0.01451	-0.01649	0.00000
4.54500	0.05000	-0.05000	0.10000	9.71809	-0.00400	0.02851	0.04294	0.00000
4.55000	0.05000	-0.05000	0.10000	9.63066	-0.00146	0.02996	0.01072	0.00000
4.55500	0.05000	-0.05000	0.10000	9.78578	0.00788	-0.03099	0.00088	0.00000
4.56000	0.05000	-0.05000	0.10000	9.73857	0.00573	0.03394	0.00404	0.00000
4.56500	0.05000	-0.05000	0.10000	9.70163	0.02676	-0.00293	0.03617	0.00000
4.57000	0.05000	-0.05000	0.10000	9.72822	0.01529	-0.01403	-0.01985	0.00000
4.57500	0.05000	-0.05000	0.10000	9.63925	0.00601	0.01499	0.01481	0.00000
4.58000	0.05000	-0.05000	0.10000	9.70828	-0.00886	0.00767	0.02775	0.00000
4.58500	0.05000	-0.05000	0.10000	9.64989	0.01253	-0.00734	0.01975	0.00000
4.59000	0.05000	-0.05000	0.10000	9.77694	0.00502	0.00096	-0.00862	0.00000
4.59500	0.05000	-0.05000	0.10000	9.75675	-0.02691	0.01988	0.02728	0.00000
4.60000	0.05000	-0.05000	0.10000	9.79317	-0.00638	0.01211	0.00904	0.00000
4.60500	0.05000	-0.05000	0.10000	9.69142	0.01124	-0.00104	0.00760	0.00000
4.61000	0.05000	-0.05000	0.10000	9.76279	0.00288	-0.00634	-0.01131	0.00000
4.61500	0.05000	-0.05000	0.10000	9.77025	0.01715	-0.00276	0.01523	0.00000
4.62000	0.05000	-0.05000	0.10000	9.78167	-0.00378	0.00684	0.00403	0.00000
4.62500	0.05000	-0.05000	0.10000	9.72744	0.01271	-0.02337	0.02311	0.00000
4.63000	0.05000	-0.05000	0.10000	9.79609	0.03080	-0.02960	0.00612	0.00000
4.63500	0.05000	-0.05000	0.10000	9.79307	-0.00564	-0.00100	0.01503	0.00000
4.64000	0.05000	-0.05000	0.10000	9.84066	0.01195	0.01426	0.02983	0.00000
4.64500	0.05000	-0.05000	0.10000	9.78418	-0.02774	-0.03715	0.02374	0.00000
4.65000	0.05000	-0.05000	0.10000	9.83540	-0.04165	-0.01641	0.00345	0.00000
4.65500	0.05000	-0.05000	0.10000	9.79140	0.00912	0.00152	-0.04722	0.00000
4.66000	0.05000	-0.05000	0.10000	9.78763	-0.00982	0.00902	-0.00709	0.00000
4.66500	0.05000	-0.05000	0.10000	9.75996	-0.03936	0.01026	0.00677	0.00000
4.67000	0.05000	-0.05000	0.10000	9.70203	0.01661	-0.00656	-0.01425	0.00000
4.67500	0.05000	-0.05000	0.10000	9.77017	-0.03418	-0.00511	-0.00584	0.00000
4.68000	0.05000	-0.05000	0.10000	9.75603	-0.00021	-0.01611	-0.01630	0.00000
4.68500	0.05000	-0.05000	0.10000	9.76872	0.02351	0.03052	-0.01596	0.00000
4.69000	0.05000	-0.05000	0.10000	9.73269	0.03650	0.00406	-0.03207	0.00000
4.69500	0.05000	-0.05000	0.10000	9.76003	0.05000	0.00745	-0.03213	0.00000
4.70000	0.05000	-0.05000	0.10000	9.75340	-0.00046	0.04959	0.01870	0.00000
4.70500	0.05000	-0.05000	0.10000	9.77753	0.01098	0.02427	0.01635	0.00000
4.71000	0.05000	-0.05000	0.10000	9.74251	-0.00872	-0.02935	0.00027	0.00000
4.71500	0.05000	-0.05000	0.10000	9.71931	-0.00532	0.00640	0.02104	0.00000
4.72000	0.05000	-0.05000	0.10000	9.79426	0.01992	0.00103	-0.00263	0.00000
4.72500	0.05000	-0.05000	0.10000	9.74908	0.01905	-0.01981	-0.02079	0.00000
4.73000	0.05000	-0.05000	0.10000	9.84397	-0.00386	-0.03686	-0.02068	0.00000
4.73500	0.05000	-0.05000	0.10000	9.80985	0.00151	-0.00269	-0.01772	0.00000
4.74000	0.05000	-0.05000	0.10000	9.80029	-0.00055	-0.02837	0.02499	0.00000
4.74500	0.05000	-0.05000	0.10000	9.74269	-0.00911	0.03051	-0.01422	0.00000
4.75000	0.05000	-0.05000	0.10000	9.70940	0.01473	-0.03265	-0.01637	0.00000
4.75500	0.05000	-0.05000	0.10000	9.80433	0.02921	-0.04981	0.02408	0.00000
4.76000	0.05000	-0.05000	0.10000	9.91481	0.01938	0.00312	0.01921	0.00000
4.76500	0.05000	-0.05000	0.10000	9.79602	-0.01696	0.03080	-0.02667	0.00000
4.77000	0.05000	-0.05000	0.10000	9.88463	-0.01245	-0.00940	-0.00226	0.00000
4.77500	0.05000	-0.05000	0.10000	9.88005	-0.01461	-0.00459	0.02579	0.00000
4.78000	0.05000	-0.05000	0.10000	9.85129	0.00830	0.01077	-0.00882	0.00000
4.78500	0.05000	-0.05000	0.10000	9.77001	0.01276	-0.00018	-0.00930	0.00000
4.79000	0.05000	-0.05000	0.10000	9.87739	-0.02916	-0.01589	0.03223	0.00000
4.79500	0.05000	-0.05000	0.10000	9.78170	0.02655	0.03506	-0.00629	0.00000
4.80000	0.05000	-0.05000	0.10000	9.77469	0.01637	0.00725	-0.01649	0.00000
4.80500	0.05000	-0.05000	0.10000	9.71464	0.02679	-0.01725	-0.00031	0.00000
4.81000	0.05000	-0.05000	0.10000	9.78793	-0.00025	-0.01266	0.02414	0.00000
4.81500	0.05000	-0.05000	0.10000	9.78200	-0.00023	0.02280	-0.00693	0.00000
4.82000	0.05000	-0.05000	0.10000	9.77224	-0.02070	-0.03346	0.05350	0.00000
4.82500	0.05000	-0.05000	0.10000	9.79813	0.02619	-0.00568	0.01795	0.00000
4.83000	0.05000	-0.05000	0.10000	9.85449	-0.01463	-0.00444	-0.00592	0.00000
4.83500	0.05000	-0.05000	0.10000	9.85215	-0.03529	0.03185	-0.01641	0.00000
4.84000	0.05000	-0.05000	0.10000	9.77847	-0.00137	-0.01325	-0.00641	0.00000
4.84500	0.05000	-0.05000	0.10000	9.82979	0.00882	0.02102	-0.00663	0.00000
4.85000	0.05000	-0.05000	0.10000	9.86182	0.00329	0.00902	-0.00744	0.00000
4.85500	0.05000	-0.05000	0.10000	9.86770	-0.05000	-0.00792	0.02562	0.00000
4.86000	0.05000	-0.05000	0.10000	9.81759	-0.02360	0.00244	0.01742	0.00000
4.86500	0.05000	-0.05000	0.10000	9.84107	0.01082	-0.00232	-0.01561	0.00000
4.87000	0.05000	-0.05000	0.10000	9.88256	-0.00181	0.01632	0.00328	0.00000
4.87500	0.05000	-0.05000	0.10000	9.84219	-0.01167	-0.03403	-0.01236	0.00000
4.88000	0.05000	-0.05000	0.10000	9.84600	-0.00943	-0.04082	0.01344	0.00000
4.88500	0.05000	-0.05000	0.10000	9.89607	-0.01412	-0.01728	0.01432	0.00000
4.89000	0.05000	-0.05000	0.10000	9.91656	0.01907	0.01475	-0.01226	0.00000
4.89500	0.05000	-0.05000	0.10000	9.81079	-0.00589	0.00138	-0.00470	0.00000
4.90000	0.05000	-0.05000	0.10000	9.86069	0.02572	-0.01321	0.00358	0.00000
4.90500	0.05000	-0.05000	0.10000	9.82325	0.01651	-0.00025	-0.00978	0.00000
4.91000	0.05000	-0.05000	0.10000	9.90550	0.02083	0.00626	-0.00963	0.00000
4.91500	0.05000	-0.05000	0.10000	9.78589	-0.02508	-0.00508	0.00223	0.00000
4.92000	0.05000	-0.05000	0.10000	9.87112	-0.05000	-0.01262	-0.00352	0.00000
4.92500	0.05000	-0.05000	0.10000	9.81555	-0.04340	-0.00441	-0.01121	0.00000
4.93000	0.05000	-0.05000	0.10000	9.87469	0.00522	0.00219	0.04574	0.00000
4.93500	0.05000	-0.05000	0.10000	9.87081	0.00547	0.01189	-0.01113	0.00000
4.94000	0.05000	-0.05000	0.10000	9.88908	0.02374	-0.01148	0.00429	0.00000
4.94500	0.05000	-0.05000	0.10000	9.90435	-0.00296	-0.00475	-0.01098	0.00000
4.95000	0.05000	-0.05000	0.10000	9.87827	-0.00897	0.01144	-0.01543	0.00000
4.95500	0.05000	-0.05000	0.10000	9.93734	-0.02537	0.01734	-0.01094	0.00000
4.96000	0.05000	-0.05000	0.10000	9.75715	0.00658	-0.01951	-0.00442	0.00000
4.96500	0.05000	-0.05000	0.10000	9.91308	-0.00824	0.02816	-0.01744	0.00000
4.97000	0.05000	-0.05000	0.10000	9.81795	-0.00023	-0.00800	0.00476	0.00000
4.97500	0.05000	-0.05000	0.10000	9.90103	0.01054	-0.00810	0.01712	0.00000
4.98000	0.05000	-0.05000	0.10000	9.85438	-0.02258	0.00510	-0.01224	0.00000
4.98500	0.05000	-0.05000	0.10000	9.72872	-0.00082	-0.00607	-0.03700	0.00000
4.99000	0.05000	-0.05000	0.10000	9.95335	0.01703	-0.00132	0.01302	0.00000
4.99500	0.05000	-0.05000	0.10000	9.86956	-0.00338	0.00346	-0.01412	0.00000
5.00000	0.05000	-0.05000	0.10000	9.72688	0.01854	0.02297	0.02136	0.00000
5.00500	0.05000	-0.05000	0.10000	9.87653	0.00441	-0.01585	0.02733	0.00000
5.01000	0.05000	-0.05000	0.10000	9.86161	0.00525	-0.00477	-0.01775	0.00000
5.01500	0.05000	-0.05000	0.10000	9.80579	-0.02365	0.01118	-0.01302	0.00000
5.02000	0.05000	-0.05000	0.10000	9.92201	-0.01283	0.00401	0.02176	0.00000
5.02500	0.05000	-0.05000	0.10000	9.86325	-0.02861	-0.01407	0.00414	0.00000
5.03000	0.05000	-0.05000	0.10000	9.83415	0.02257	0.03197	-0.01110	0.00000
5.03500	0.05000	-0.05000	0.10000	9.77889	-0.02831	-0.02235	-0.01842	0.00000
5.04000	0.05000	-0.05000	0.10000	9.84701	-0.00752	-0.02303	-0.04302	0.00000
5.04500	0.05000	-0.05000	0.10000	9.88049	0.01202	-0.02178	0.01072	0.00000
5.05000	0.05000	-0.05000	0.10000	9.80372	-0.03511	-0.03704	0.03968	0.00000
5.05500	0.05000	-0.05000	0.10000	9.91373	-0.02175	-0.03656	-0.00437	0.00000
5.06000	0.05000	-0.05000	0.10000	9.86148	0.01477	-0.01583	0.01481	0.00000
5.06500	0.05000	-0.05000	0.10000	9.87169	0.00623	-0.01198	-0.00904	0.00000
5.07000	0.05000	-0.05000	0.10000	9.82926	-0.01022	0.03078	0.00763	0.00000
5.07500	0.05000	-0.05000	0.10000	9.92733	-0.01027	-0.00338	-0.01370	0.00000
5.08000	0.05000	-0.05000	0.10000	9.94595	-0.00870	0.00041	-0.00003	0.00000
5.08500	0.05000	-0.05000	0.10000	9.84556	-0.01729	0.00874	-0.05280	0.00000
5.09000	0.05000	-0.05000	0.10000	9.91915	0.00643	-0.02440	-0.01264	0.00000
5.09500	0.05000	-0.05000	0.10000	9.82801	0.03172	0.01070	-0.00965	0.00000
5.10000	0.05000	-0.05000	0.10000	9.94767	0.04078	0.02192	0.00319	0.00000
5.10500	0.05000	-0.05000	0.10000	9.90789	0.00971	0.01497	-0.01693	0.00000
5.11000	0.05000	-0.05000	0.10000	9.93713	-0.00083	0.01746	0.01945	0.00000
5.11500	0.05000	-0.05000	0.10000	9.87147	0.01505	0.01470	-0.00551	0.00000
5.12000	0.05000	-0.05000	0.10000	9.86880	0.02899	0.01231	-0.02290	0.00000
5.12500	0.05000	-0.05000	0.10000	9.95618	-0.01582	-0.00573	0.01700	0.00000
5.13000	0.05000	-0.05000	0.10000	9.85343	0.00191	-0.00755	-0.00123	0.00000
5.13500	0.05000	-0.05000	0.10000	9.97043	0.00618	-0.03041	-0.00956	0.00000
5.14000	0.05000	-0.05000	0.10000	9.92056	0.00890	-0.00275	0.01923	0.00000
5.14500	0.05000	-0.05000	0.10000	9.88082	-0.00739	-0.00125	-0.00721	0.00000
5.15000	0.05000	-0.05000	0.10000	9.91179	0.00875	0.01166	0.00967	0.00000
5.15500	0.05000	-0.05000	0.10000	9.91569	0.02814	0.00482	0.01993	0.00000
5.16000	0.05000	-0.05000	0.10000	9.94399	-0.00318	-0.01836	-0.01201	0.00000
5.16500	0.05000	-0.05000	0.10000	9.82958	0.00766	0.01062	-0.03510	0.00000
5.17000	0.05000	-0.05000	0.10000	9.92293	0.00123	0.00994	-0.00635	0.00000
5.17500	0.05000	-0.05000	0.10000	10.01591	0.01417	0.00931	0.00285	0.00000
5.18000	0.05000	-0.05000	0.10000	9.83370	0.01090	-0.00991	0.02782	0.00000
5.18500	0.05000	-0.05000	0.10000	9.91914	0.01557	0.02135	-0.01930	0.00000
5.19000	0.05000	-0.05000	0.10000	9.89387	0.03844	0.03217	0.01630	0.00000
5.19500	0.05000	-0.05000	0.10000	9.92806	0.01020	-0.02561	-0.00558	0.00000
5.20000	0.05000	-0.05000	0.10000	9.95631	-0.01186	-0.01322	0.00748	0.00000
5.20500	0.05000	-0.05000	0.10000	9.83992	-0.01162	-0.00743	0.05858	0.00000
5.21000	0.05000	-0.05000	0.10000	9.93306	-0.02583	0.03187	-0.00539	0.00000
5.21500	0.05000	-0.05000	0.10000	9.97010	-0.00799	0.02485	0.02036	0.00000
5.22000	0.05000	-0.05000	0.10000	9.96691	0.01438	0.01556	-0.01234	0.00000
5.22500	0.05000	-0.05000	0.10000	9.92126	-0.02586	0.02555	-0.00768	0.00000
5.23000	0.05000	-0.05000	0.10000	9.95273	0.03623	-0.05000	-0.02566	0.00000
5.23500	0.05000	-0.05000	0.10000	9.99599	0.01395	0.01728	-0.02220	0.00000
5.24000	0.05000	-0.05000	0.10000	9.89017	-0.00834	-0.01039	0.00642	0.00000
5.24500	0.05000	-0.05000	0.10000	9.90683	-0.02641	-0.00193	0.00042	0.00000
5.25000	0.05000	-0.05000	0.10000	9.97112	-0.02568	0.01355	-0.01498	0.00000
5.25500	0.05000	-0.05000	0.10000	9.99658	-0.00771	-0.02134	-0.02149	0.00000
5.26000	0.05000	-0.05000	0.10000	9.91876	-0.00634	-0.02065	-0.00446	0.00000
5.26500	0.05000	-0.05000	0.10000	9.95376	-0.00239	0.00632	-0.00375	0.00000
5.27000	0.05000	-0.05000	0.10000	9.98679	0.04552	0.01077	0.02869	0.00000
5.27500	0.05000	-0.05000	0.10000	9.98868	0.00004	-0.01437	0.02427	0.00000
5.28000	0.05000	-0.05000	0.10000	10.00468	0.02037	0.00916	0.02451	0.00000
5.28500	0.05000	-0.05000	0.10000	9.96414	0.01898	-0.01781	0.04622	0.00000
5.29000	0.05000	-0.05000	0.10000	10.04778	-0.00476	0.01130	0.02999	0.00000
5.29500	0.05000	-0.05000	0.10000	9.93098	-0.00314	-0.00982	0.01731	0.00000
5.30000	0.05000	-0.05000	0.10000	10.02562	0.01026	-0.02080	0.00963	0.00000
5.30500	0.05000	-0.05000	0.10000	9.94327	-0.02072	-0.01254	-0.04735	0.00000
5.31000	0.05000	-0.05000	0.10000	9.93288	0.00421	-0.02090	0.02795	0.00000
5.31500	0.05000	-0.05000	0.10000	9.95147	0.01469	0.01415	0.02580	0.00000
5.32000	0.05000	-0.05000	0.10000	10.10081	0.00239	0.01444	0.02602	0.00000
5.32500	0.05000	-0.05000	0.10000	10.03903	0.01204	0.00333	0.03481	0.00000
5.33000	0.05000	-0.05000	0.10000	10.01773	0.01410	0.00274	0.01859	0.00000
5.33500	0.05000	-0.05000	0.10000	10.08838	-0.00010	-0.02778	0.02818	0.00000
5.34000	0.05000	-0.05000	0.10000	10.07494	0.00008	0.01002	-0.03453	0.00000
5.34500	0.05000	-0.05000	0.10000	9.95564	-0.00779	-0.02927	-0.03292	0.00000
5.35000	0.05000	-0.05000	0.10000	10.00424	0.03007	-0.01338	0.00388	0.00000
5.35500	0.05000	-0.05000	0.10000	9.99830	0.00851	0.00944	0.01084	0.00000
5.36000	0.05000	-0.05000	0.10000	9.95431	0.01334	-0.02162	-0.01392	0.00000
5.36500	0.05000	-0.05000	0.10000	10.05747	-0.00067	-0.01235	0.01202	0.00000
5.37000	0.05000	-0.05000	0.10000	9.94534	0.00639	0.00982	0.01033	0.00000
5.37500	0.05000	-0.05000	0.10000	10.07452	-0.00004	-0.01249	-0.01078	0.00000
5.38000	0.05000	-0.05000	0.10000	10.09195	-0.02858	-0.00484	-0.01579	0.00000
5.38500	0.05000	-0.05000	0.10000	10.02012	0.01272	-0.00224	0.00454	0.00000
5.39000	0.05000	-0.05000	0.10000	10.01898	0.03483	0.02014	0.01125	0.00000
5.39500	0.05000	-0.05000	0.10000	10.14550	-0.02578	0.01477	0.00078	0.00000
5.40000	0.05000	-0.05000	0.10000	9.97035	-0.02716	0.03006	0.00726	0.00000
5.40500	0.05000	-0.05000	0.10000	9.99853	-0.01401	0.01926	-0.00603	0.00000
5.41000	0.05000	-0.05000	0.10000	9.95072	0.01561	0.00255	0.00002	0.00000
5.41500	0.05000	-0.05000	0.10000	9.98615	0.02888	0.00408	-0.00272	0.00000
5.42000	0.05000	-0.05000	0.10000	9.99533	-0.03325	0.00711	0.00644	0.00000
5.42500	0.05000	-0.05000	0.10000	9.95046	0.01385	-0.00754	0.01564	0.00000
5.43000	0.05000	-0.05000	0.10000	9.97922	0.00396	0.01995	-0.03022	0.00000
5.43500	0.05000	-0.05000	0.10000	9.98196	0.02758	0.00779	0.00080	0.00000
5.44000	0.05000	-0.05000	0.10000	10.11802	-0.00945	-0.01374	0.01028	0.00000
5.44500	0.05000	-0.05000	0.10000	10.00847	0.01612	-0.00773	-0.00240	0.00000
5.45000	0.05000	-0.05000	0.09577	10.06147	0.00158	0.00855	-0.00634	0.00000
5.45500	0.05000	-0.05000	0.10000	10.06001	0.00550	-0.00024	0.01392	0.00000
5.46000	0.05000	-0.05000	0.09602	10.01268	-0.00367	-0.02299	0.01405	0.00000
5.46500	0.05000	-0.05000	0.06083	10.09259	0.00246	-0.00441	-0.01208	0.00000
5.47000	0.05000	-0.05000	0.04497	10.02396	0.02324	-0.02440	-0.01157	0.00000
5.47500	0.05000	-0.05000	0.07250	10.01434	0.00887	0.01304	0.03059	0.00000
5.48000	0.05000	-0.05000	0.05270	9.97288	-0.02460	-0.00875	0.00218	0.00000
5.48500	0.05000	-0.05000	0.09074	10.07870	0.00530	0.01065	-0.00979	0.00000
5.49000	0.05000	-0.05000	0.05460	9.97204	0.01574	-0.01194	0.02024	0.00000
5.49500	0.05000	-0.05000	0.05386	10.18539	0.00553	-0.02243	-0.02917	0.00000
5.50000	0.05000	-0.05000	0.06962	10.01841	-0.00224	-0.03301	-0.02673	0.00000
5.50500	0.05000	-0.05000	0.03593	10.08755	0.00552	0.04069	0.01083	0.00000
5.51000	0.05000	-0.05000	0.02773	10.17467	-0.02333	0.01164	-0.00622	0.00000
5.51500	0.05000	-0.05000	0.02794	10.05755	0.02887	-0.00785	-0.00984	0.00000
5.52000	0.05000	-0.05000	-0.00194	10.06884	0.00954	-0.02163	0.03135	0.00000
5.52500	0.05000	-0.05000	0.03410	10.09370	-0.03596	-0.01782	0.01483	0.00000
5.53000	0.05000	-0.05000	0.03303	10.18093	-0.00123	-0.01280	-0.01168	0.00000
5.53500	0.05000	-0.05000	0.02220	10.09751	-0.01047	-0.00115	-0.01579	0.00000
5.54000	0.05000	-0.05000	-0.00875	10.09981	0.03959	-0.01567	-0.01314	0.00000
5.54500	0.05000	-0.05000	-0.01573	10.03934	0.00384	0.01921	0.00208	0.00000
5.55000	0.05000	-0.05000	0.00225	10.12181	0.00791	-0.02980	-0.02056	0.00000
5.55500	0.05000	-0.05000	0.02708	10.04801	-0.01963	0.03092	0.01353	0.00000
5.56000	0.05000	-0.05000	-0.00119	10.07466	-0.00421	0.02685	-0.00139	0.00000
5.56500	0.05000	-0.05000	-0.02299	10.13411	-0.01619	0.00629	0.01025	0.00000
5.57000	0.05000	-0.05000	-0.02256	9.99762	0.00316	0.03166	-0.00153	0.00000
5.57500	0.05000	-0.05000	0.00053	10.14456	-0.00602	0.01627	-0.03573	0.00000
5.58000	0.05000	-0.05000	-0.03732	10.14429	0.02725	-0.01313	0.00267	0.00000
5.58500	0.05000	-0.05000	0.00593	10.17094	-0.01116	-0.03906	-0.00979	0.00000
5.59000	0.05000	-0.05000	-0.00626	10.10947	0.04051	0.00769	0.00029	0.00000
5.59500	0.05000	-0.05000	-0.04975	10.08774	-0.01121	0.02358	-0.00572	0.00000
5.60000	0.05000	-0.05000	-0.02641	10.08684	0.00653	-0.02103	0.00125	0.00000
5.60500	0.05000	-0.05000	-0.05375	10.13014	-0.01554	0.00172	-0.03243	0.00000
5.61000	0.05000	-0.05000	-0.06147	10.19211	-0.04215	-0.01254	-0.02076	0.00000
5.61500	0.05000	-0.05000	-0.05262	10.03740	0.01779	-0.01623	0.00343	0.00000
5.62000	0.05000	-0.05000	-0.06926	10.11167	-0.03077	-0.00835	0.02085	0.00000
5.62500	0.05000	-0.05000	-0.05977	10.03428	-0.01157	0.00778	0.04952	0.00000
5.63000	0.05000	-0.05000	-0.07905	10.02681	0.01784	-0.00008	0.00917	0.00000
5.63500	0.05000	-0.05000	-0.07944	10.11905	-0.02684	0.05000	-0.03604	0.00000
5.64000	0.05000	-0.05000	-0.05924	10.15588	-0.00721	-0.01631	0.01495	0.00000
5.64500	0.05000	-0.05000	-0.08612	10.12587	-0.04345	0.00667	0.00174	0.00000
5.65000	0.05000	-0.05000	-0.08174	10.06520	0.02163	0.01396	-0.02590	0.00000
5.65500	0.05000	-0.05000	-0.10000	10.09798	-0.02042	0.02515	0.00406	0.00000
5.66000	0.05000	-0.05000	-0.10000	10.15210	0.00084	0.00959	0.00719	0.00000
5.66500	0.05000	-0.05000	-0.08327	10.16792	-0.01950	-0.00925	0.02318	0.00000
5.67000	0.05000	-0.05000	-0.10000	10.07691	-0.03165	0.00744	-0.00197	0.00000
5.67500	0.05000	-0.05000	-0.10000	10.09042	-0.01655	0.00848	-0.01355	0.00000
5.68000	0.05000	-0.05000	-0.10000	10.12251	0.01834	0.00220	0.01245	0.00000
5.68500	0.05000	-0.05000	-0.10000	10.03864	0.00432	-0.03840	0.00945	0.00000
5.69000	0.05000	-0.05000	-0.10000	10.13712	-0.00496	-0.01601	-0.01082	0.00000
5.69500	0.05000	-0.05000	-0.10000	10.18463	-0.00604	0.00938	-0.01954	0.00000
5.70000	0.05000	-0.05000	-0.10000	10.11337	0.01113	0.00485	-0.02993	0.00000
5.70500	0.05000	-0.05000	-0.10000	10.15589	0.00193	0.01074	-0.03926	0.00000
5.71000	0.05000	-0.05000	-0.10000	10.08809	-0.00144	0.02828	-0.02429	0.00000
5.71500	0.05000	-0.05000	-0.10000	10.14720	-0.02149	-0.01113	-0.03841	0.00000
5.72000	0.05000	-0.05000	-0.10000	10.05089	-0.03409	0.01389	0.00917	0.00000
5.72500	0.05000	-0.05000	-0.10000	10.12618	-0.01829	0.03016	-0.02098	0.00000
5.73000	0.05000	-0.05000	-0.10000	10.20786	0.03012	0.01633	0.01493	0.00000
5.73500	0.05000	-0.05000	-0.10000	10.12718	-0.02188	0.00505	0.02122	0.00000
5.74000	0.05000	-0.05000	-0.10000	10.17070	0.00987	0.01765	0.00169	0.00000
5